1000
89 57
90 90
7 25
55 36
74 74
82 82
9 9
65 36
79 79
19 19
72 75
56 76
71 71
55 55
46 75
69 96
36 49
77 1
73 96
64 64
88 53
94 77
14 33
52 79
88 61
91 22
2 57
78 4
55 49
85 87
66 66
17 0
66 50
67 67
68 68
59 41
0 50
66 86
18 56
25 16
53 53
55 55
79 84
10 33
100 59
20 20
32 9
38 38
14 56
23 71
81 81
19 19
68 65
69 89
67 62
15 15
76 23
42 42
19 50
99 78
65 17
24 21
11 6
78 78
25 34
98 48
19 35
1 34
63 57
32 32
58 91
39 39
13 13
76 27
49 3
81 81
68 68
56 56
14 22
2 2
18 91
84 68
91 23
90 79
67 55
34 0
32 6
76 76
30 30
27 55
60 60
95 42
77 10
35 23
79 79
17 17
33 74
79 19
90 50
52 71
16 8
94 24
29 14
57 57
98 25
13 13
59 28
24 95
17 4
9 35
16 16
37 39
43 43
85 71
28 86
9 8
60 11
99 85
0 33
65 65
42 62
19 0
23 92
77 77
34 85
68 68
43 32
28 37
77 21
86 71
67 66
60 51
7 45
5 30
96 10
88 40
47 11
67 97
23 34
25 25
17 10
39 18
26 40
94 7
10 10
97 77
1 35
83 33
20 20
49 16
26 26
0 95
82 82
21 21
36 12
35 67
21 21
52 67
68 68
1 63
79 66
32 48
20 18
76 83
18 97
82 82
36 36
13 40
78 57
100 100
28 28
69 34
24 59
33 33
41 55
59 6
54 54
11 58
29 43
63 12
29 23
4 25
2 2
66 66
76 13
11 67
6 40
41 41
77 93
23 64
48 65
30 30
80 42
43 43
34 34
71 97
9 68
26 96
64 64
6 16
13 13
91 89
73 19
1 66
87 62
79 13
48 48
33 93
15 15
68 57
52 2
69 30
35 19
53 53
69 69
80 23
60 60
7 63
12 56
80 86
71 5
17 67
98 98
87 87
33 33
37 65
40 80
42 80
97 33
35 56
62 62
3 55
49 49
9 9
92 32
52 52
31 17
8 75
77 56
59 31
24 64
56 100
87 87
12 12
97 97
55 61
31 78
38 32
94 50
57 57
53 53
81 27
25 87
45 61
18 18
41 67
3 62
3 47
19 19
54 1
24 68
41 87
87 12
61 61
44 50
41 41
63 47
14 34
82 82
89 89
90 90
27 2
81 33
56 58
24 37
73 28
100 13
49 20
32 35
22 48
42 91
27 73
16 3
30 14
57 24
17 95
59 87
3 87
44 44
88 26
85 73
39 78
98 5
89 36
61 87
62 39
40 40
83 83
100 100
8 0
28 21
79 5
33 94
4 95
31 77
91 60
24 54
89 2
59 4
55 37
5 5
1 55
95 24
48 10
36 36
39 56
1 63
73 73
76 64
5 72
60 36
79 40
30 35
27 27
15 6
78 78
85 85
9 2
20 5
36 36
67 17
18 15
93 57
22 20
5 58
39 88
25 75
49 87
91 26
2 25
72 79
49 45
95 74
40 40
21 40
41 41
54 54
60 64
15 5
92 92
52 54
72 89
42 62
99 99
94 94
33 33
95 95
66 22
59 59
9 7
96 96
51 5
83 65
47 73
74 57
55 80
67 73
97 40
7 17
63 85
42 95
39 97
86 56
11 11
100 20
38 89
46 90
64 47
77 87
15 50
49 49
55 63
72 83
85 63
20 20
95 44
55 3
39 51
73 77
42 42
6 68
41 88
79 84
84 71
7 7
98 16
26 26
0 2
82 99
89 89
100 57
23 49
68 48
87 47
57 57
25 12
5 5
46 40
47 58
62 90
23 23
84 28
26 79
17 94
49 49
71 70
54 33
9 9
10 30
58 31
35 44
42 41
70 92
72 72
18 45
65 65
9 18
64 79
93 2
78 78
45 70
36 36
87 95
58 58
94 33
29 95
91 9
54 54
6 6
24 42
7 46
88 88
1 24
89 35
51 51
6 77
81 51
77 27
57 87
30 49
94 94
92 77
1 23
30 22
37 52
9 10
13 26
13 88
58 41
47 47
46 46
40 86
47 34
88 58
77 7
81 81
34 34
3 16
60 60
45 7
53 61
75 97
1 1
49 8
32 89
95 92
94 94
45 45
99 5
54 54
35 3
10 18
59 93
91 17
9 92
57 24
71 42
73 2
37 83
36 39
64 63
41 57
42 59
48 7
86 20
57 57
8 14
21 25
98 98
38 38
17 57
14 14
54 54
90 14
85 56
75 83
81 64
12 13
15 73
48 48
20 20
94 56
64 64
3 45
54 15
47 5
68 12
26 78
40 40
45 43
94 94
96 3
94 23
84 84
37 43
21 70
31 31
4 36
95 95
69 16
61 61
9 100
50 50
12 29
45 57
85 73
46 46
2 93
4 41
77 77
48 76
44 55
1 86
57 57
40 57
4 4
92 98
94 97
32 32
53 53
32 77
62 93
15 97
63 90
10 10
76 47
39 39
37 73
79 65
3 84
16 46
8 89
27 73
23 95
96 8
37 37
97 90
34 93
71 42
88 93
68 100
80 80
61 61
26 51
65 65
7 25
10 10
66 66
35 41
66 66
10 92
7 7
70 70
43 63
34 68
87 93
29 47
2 38
68 68
20 20
95 49
58 24
82 82
79 89
24 31
21 35
18 96
64 58
80 25
75 75
97 41
45 45
85 25
80 76
95 95
11 20
18 18
2 31
15 21
10 10
98 16
39 55
77 77
48 78
30 30
24 24
90 27
28 100
69 34
74 27
66 58
58 58
54 55
22 22
27 27
26 31
98 62
33 33
51 51
29 62
39 86
64 31
38 8
9 87
100 100
2 18
45 45
11 85
18 18
64 64
99 48
65 31
74 74
97 35
57 37
11 100
1 1
4 4
95 75
36 33
92 92
50 50
65 36
49 81
33 98
52 12
8 21
77 26
85 41
68 68
81 28
21 21
89 4
95 95
61 10
41 12
84 84
65 98
16 53
44 12
99 99
4 4
81 72
0 55
29 29
13 31
41 94
13 84
77 38
92 76
32 15
97 38
49 11
40 68
37 42
39 29
27 19
40 22
94 94
10 56
35 90
20 56
91 98
73 7
78 30
13 18
45 65
82 82
44 43
35 35
39 61
20 67
68 68
52 67
62 35
26 26
61 92
52 73
77 53
88 88
12 12
7 14
84 15
37 37
8 8
55 41
78 71
12 12
95 95
73 75
2 48
12 12
1 93
37 37
64 60
76 76
10 11
20 98
84 84
20 24
1 77
57 57
50 81
96 20
33 8
71 42
6 47
34 35
61 61
81 54
94 51
41 23
55 69
44 44
18 0
0 0
45 28
91 95
33 33
95 58
95 95
68 75
13 84
100 23
79 79
55 53
97 97
48 39
11 91
31 58
0 0
56 56
64 64
93 93
12 12
91 58
36 22
34 80
51 30
25 58
1 15
23 85
47 0
99 25
66 66
83 83
95 95
18 60
85 34
65 43
83 65
17 5
59 59
35 65
24 76
38 46
32 32
66 21
23 23
8 8
30 79
98 33
44 30
91 91
12 65
68 68
5 5
24 100
79 79
1 1
53 53
97 97
87 76
52 30
77 50
53 53
48 48
64 26
22 22
66 66
51 4
86 39
4 97
92 92
15 15
97 76
80 12
40 34
40 90
27 36
8 86
41 41
55 14
81 53
82 82
40 40
58 58
88 88
28 100
46 17
82 82
100 77
95 67
38 27
17 40
3 70
0 70
53 53
22 13
37 53
49 49
17 17
47 47
76 76
68 70
24 87
19 91
75 75
78 81
13 99
81 62
22 1
92 92
81 57
75 15
71 66
12 58
54 93
62 20
100 27
96 82
62 98
23 23
1 51
12 30
50 26
65 65
23 23
76 40
96 96
41 41
70 70
40 61
70 70
61 40
74 6
9 9
10 23
93 74
93 93
65 65
71 71
3 96
5 37
65 25
69 73
53 62
5 82
50 47
61 79
33 66
98 53
81 81
80 96
39 39
88 88
97 97
73 68
92 77
19 51
2 2
28 74
67 57
8 24
65 65
78 22
58 65
4 63
46 58
92 14
58 67
34 68
23 87
45 45
60 9
3 6
94 44
53 62
35 27
16 2
99 99
77 29
59 55
45 31
69 12
88 90
6 92
47 47
99 76
13 13
44 3
69 64
87 42
60 56
37 0
31 31
75 56
45 2
43 5
92 2
94 94
64 89
58 58
47 59
17 17
96 24
67 67
60 60
11 51
80 7
34 34
67 92
35 42
54 83
71 71
14 54
95 10
57 69
63 64
43 43
24 97
83 39
24 24
38 38
96 96
71 71
40 54
98 58
58 58
21 21
25 40
69 33
81 58
82 82
25 24
40 40
26 26
73 56
25 90
58 69
23 38
97 23
4 31
0 0
54 54
95 74
36 30
18 19
0 15
1 96
91 91
39 11
70 95
26 26
44 85
27 23
26 84
14 83
0 96
16 7
