10000
89 57
90 90
7 25
55 36
74 74
82 82
9 9
65 36
79 79
19 19
72 75
56 76
71 71
55 55
46 75
69 96
36 49
77 1
73 96
64 64
88 53
94 77
14 33
52 79
88 61
91 22
2 57
78 4
55 49
85 87
66 66
17 0
66 50
67 67
68 68
59 41
0 50
66 86
18 56
25 16
53 53
55 55
79 84
10 33
100 59
20 20
32 9
38 38
14 56
23 71
81 81
19 19
68 65
69 89
67 62
15 15
76 23
42 42
19 50
99 78
65 17
24 21
11 6
78 78
25 34
98 48
19 35
1 34
63 57
32 32
58 91
39 39
13 13
76 27
49 3
81 81
68 68
56 56
14 22
2 2
18 91
84 68
91 23
90 79
67 55
34 0
32 6
76 76
30 30
27 55
60 60
95 42
77 10
35 23
79 79
17 17
33 74
79 19
90 50
52 71
16 8
94 24
29 14
57 57
98 25
13 13
59 28
24 95
17 4
9 35
16 16
37 39
43 43
85 71
28 86
9 8
60 11
99 85
0 33
65 65
42 62
19 0
23 92
77 77
34 85
68 68
43 32
28 37
77 21
86 71
67 66
60 51
7 45
5 30
96 10
88 40
47 11
67 97
23 34
25 25
17 10
39 18
26 40
94 7
10 10
97 77
1 35
83 33
20 20
49 16
26 26
0 95
82 82
21 21
36 12
35 67
21 21
52 67
68 68
1 63
79 66
32 48
20 18
76 83
18 97
82 82
36 36
13 40
78 57
100 100
28 28
69 34
24 59
33 33
41 55
59 6
54 54
11 58
29 43
63 12
29 23
4 25
2 2
66 66
76 13
11 67
6 40
41 41
77 93
23 64
48 65
30 30
80 42
43 43
34 34
71 97
9 68
26 96
64 64
6 16
13 13
91 89
73 19
1 66
87 62
79 13
48 48
33 93
15 15
68 57
52 2
69 30
35 19
53 53
69 69
80 23
60 60
7 63
12 56
80 86
71 5
17 67
98 98
87 87
33 33
37 65
40 80
42 80
97 33
35 56
62 62
3 55
49 49
9 9
92 32
52 52
31 17
8 75
77 56
59 31
24 64
56 100
87 87
12 12
97 97
55 61
31 78
38 32
94 50
57 57
53 53
81 27
25 87
45 61
18 18
41 67
3 62
3 47
19 19
54 1
24 68
41 87
87 12
61 61
44 50
41 41
63 47
14 34
82 82
89 89
90 90
27 2
81 33
56 58
24 37
73 28
100 13
49 20
32 35
22 48
42 91
27 73
16 3
30 14
57 24
17 95
59 87
3 87
44 44
88 26
85 73
39 78
98 5
89 36
61 87
62 39
40 40
83 83
100 100
8 0
28 21
79 5
33 94
4 95
31 77
91 60
24 54
89 2
59 4
55 37
5 5
1 55
95 24
48 10
36 36
39 56
1 63
73 73
76 64
5 72
60 36
79 40
30 35
27 27
15 6
78 78
85 85
9 2
20 5
36 36
67 17
18 15
93 57
22 20
5 58
39 88
25 75
49 87
91 26
2 25
72 79
49 45
95 74
40 40
21 40
41 41
54 54
60 64
15 5
92 92
52 54
72 89
42 62
99 99
94 94
33 33
95 95
66 22
59 59
9 7
96 96
51 5
83 65
47 73
74 57
55 80
67 73
97 40
7 17
63 85
42 95
39 97
86 56
11 11
100 20
38 89
46 90
64 47
77 87
15 50
49 49
55 63
72 83
85 63
20 20
95 44
55 3
39 51
73 77
42 42
6 68
41 88
79 84
84 71
7 7
98 16
26 26
0 2
82 99
89 89
100 57
23 49
68 48
87 47
57 57
25 12
5 5
46 40
47 58
62 90
23 23
84 28
26 79
17 94
49 49
71 70
54 33
9 9
10 30
58 31
35 44
42 41
70 92
72 72
18 45
65 65
9 18
64 79
93 2
78 78
45 70
36 36
87 95
58 58
94 33
29 95
91 9
54 54
6 6
24 42
7 46
88 88
1 24
89 35
51 51
6 77
81 51
77 27
57 87
30 49
94 94
92 77
1 23
30 22
37 52
9 10
13 26
13 88
58 41
47 47
46 46
40 86
47 34
88 58
77 7
81 81
34 34
3 16
60 60
45 7
53 61
75 97
1 1
49 8
32 89
95 92
94 94
45 45
99 5
54 54
35 3
10 18
59 93
91 17
9 92
57 24
71 42
73 2
37 83
36 39
64 63
41 57
42 59
48 7
86 20
57 57
8 14
21 25
98 98
38 38
17 57
14 14
54 54
90 14
85 56
75 83
81 64
12 13
15 73
48 48
20 20
94 56
64 64
3 45
54 15
47 5
68 12
26 78
40 40
45 43
94 94
96 3
94 23
84 84
37 43
21 70
31 31
4 36
95 95
69 16
61 61
9 100
50 50
12 29
45 57
85 73
46 46
2 93
4 41
77 77
48 76
44 55
1 86
57 57
40 57
4 4
92 98
94 97
32 32
53 53
32 77
62 93
15 97
63 90
10 10
76 47
39 39
37 73
79 65
3 84
16 46
8 89
27 73
23 95
96 8
37 37
97 90
34 93
71 42
88 93
68 100
80 80
61 61
26 51
65 65
7 25
10 10
66 66
35 41
66 66
10 92
7 7
70 70
43 63
34 68
87 93
29 47
2 38
68 68
20 20
95 49
58 24
82 82
79 89
24 31
21 35
18 96
64 58
80 25
75 75
97 41
45 45
85 25
80 76
95 95
11 20
18 18
2 31
15 21
10 10
98 16
39 55
77 77
48 78
30 30
24 24
90 27
28 100
69 34
74 27
66 58
58 58
54 55
22 22
27 27
26 31
98 62
33 33
51 51
29 62
39 86
64 31
38 8
9 87
100 100
2 18
45 45
11 85
18 18
64 64
99 48
65 31
74 74
97 35
57 37
11 100
1 1
4 4
95 75
36 33
92 92
50 50
65 36
49 81
33 98
52 12
8 21
77 26
85 41
68 68
81 28
21 21
89 4
95 95
61 10
41 12
84 84
65 98
16 53
44 12
99 99
4 4
81 72
0 55
29 29
13 31
41 94
13 84
77 38
92 76
32 15
97 38
49 11
40 68
37 42
39 29
27 19
40 22
94 94
10 56
35 90
20 56
91 98
73 7
78 30
13 18
45 65
82 82
44 43
35 35
39 61
20 67
68 68
52 67
62 35
26 26
61 92
52 73
77 53
88 88
12 12
7 14
84 15
37 37
8 8
55 41
78 71
12 12
95 95
73 75
2 48
12 12
1 93
37 37
64 60
76 76
10 11
20 98
84 84
20 24
1 77
57 57
50 81
96 20
33 8
71 42
6 47
34 35
61 61
81 54
94 51
41 23
55 69
44 44
18 0
0 0
45 28
91 95
33 33
95 58
95 95
68 75
13 84
100 23
79 79
55 53
97 97
48 39
11 91
31 58
0 0
56 56
64 64
93 93
12 12
91 58
36 22
34 80
51 30
25 58
1 15
23 85
47 0
99 25
66 66
83 83
95 95
18 60
85 34
65 43
83 65
17 5
59 59
35 65
24 76
38 46
32 32
66 21
23 23
8 8
30 79
98 33
44 30
91 91
12 65
68 68
5 5
24 100
79 79
1 1
53 53
97 97
87 76
52 30
77 50
53 53
48 48
64 26
22 22
66 66
51 4
86 39
4 97
92 92
15 15
97 76
80 12
40 34
40 90
27 36
8 86
41 41
55 14
81 53
82 82
40 40
58 58
88 88
28 100
46 17
82 82
100 77
95 67
38 27
17 40
3 70
0 70
53 53
22 13
37 53
49 49
17 17
47 47
76 76
68 70
24 87
19 91
75 75
78 81
13 99
81 62
22 1
92 92
81 57
75 15
71 66
12 58
54 93
62 20
100 27
96 82
62 98
23 23
1 51
12 30
50 26
65 65
23 23
76 40
96 96
41 41
70 70
40 61
70 70
61 40
74 6
9 9
10 23
93 74
93 93
65 65
71 71
3 96
5 37
65 25
69 73
53 62
5 82
50 47
61 79
33 66
98 53
81 81
80 96
39 39
88 88
97 97
73 68
92 77
19 51
2 2
28 74
67 57
8 24
65 65
78 22
58 65
4 63
46 58
92 14
58 67
34 68
23 87
45 45
60 9
3 6
94 44
53 62
35 27
16 2
99 99
77 29
59 55
45 31
69 12
88 90
6 92
47 47
99 76
13 13
44 3
69 64
87 42
60 56
37 0
31 31
75 56
45 2
43 5
92 2
94 94
64 89
58 58
47 59
17 17
96 24
67 67
60 60
11 51
80 7
34 34
67 92
35 42
54 83
71 71
14 54
95 10
57 69
63 64
43 43
24 97
83 39
24 24
38 38
96 96
71 71
40 54
98 58
58 58
21 21
25 40
69 33
81 58
82 82
25 24
40 40
26 26
73 56
25 90
58 69
23 38
97 23
4 31
0 0
54 54
95 74
36 30
18 19
0 15
1 96
91 91
39 11
70 95
26 26
44 85
27 23
26 84
14 83
0 96
16 7
2 2
36 36
11 11
23 62
59 88
52 52
68 6
14 9
96 28
9 47
65 65
41 54
14 100
69 41
20 3
26 55
27 20
64 12
81 27
53 67
30 93
84 11
90 90
78 78
37 1
83 83
68 68
73 77
84 84
29 66
74 79
18 18
25 45
70 0
68 68
23 33
23 23
83 41
58 72
81 73
88 8
49 66
22 79
86 50
67 67
26 26
30 4
84 96
80 73
69 74
58 58
96 28
8 20
80 42
80 50
56 23
70 71
98 98
7 7
60 2
43 70
6 23
52 5
57 57
21 18
40 24
82 67
0 69
62 62
40 2
85 85
52 22
50 44
48 64
100 99
28 26
97 15
84 84
78 80
72 7
0 0
83 83
75 93
75 75
29 29
24 75
8 66
64 64
55 98
22 22
95 95
35 35
56 63
89 89
45 68
58 60
39 39
30 30
38 32
74 74
8 92
74 88
23 23
22 22
67 67
76 52
40 36
14 53
11 11
75 75
27 27
27 30
30 14
74 86
60 48
22 8
5 33
19 56
100 27
52 14
68 68
69 69
94 94
87 21
59 59
42 42
12 43
99 94
24 18
36 85
3 78
69 42
45 23
64 42
4 4
96 96
80 29
53 2
45 55
50 50
66 87
26 34
18 12
61 64
92 92
83 83
19 11
55 76
72 2
39 84
73 13
40 79
54 9
20 20
97 14
11 9
46 5
31 34
11 80
31 47
65 11
88 42
59 67
53 46
30 30
38 91
55 55
52 18
46 46
59 59
25 55
5 5
98 13
29 29
99 4
49 35
80 36
68 10
18 18
79 79
65 65
84 84
97 60
33 81
21 93
54 82
1 34
10 83
88 1
69 69
53 53
17 66
85 85
55 14
82 93
6 6
7 7
69 97
58 62
90 80
14 23
18 18
78 11
26 50
74 27
33 33
50 39
33 17
90 29
31 94
5 6
95 76
78 17
8 67
1 1
92 71
50 66
3 44
35 44
86 33
48 21
35 35
61 93
12 42
50 63
72 57
90 90
65 74
68 70
28 69
74 74
40 76
9 78
96 41
58 75
83 71
37 49
11 11
17 43
67 53
55 90
95 84
41 41
6 6
61 3
9 86
25 59
94 16
95 87
53 30
100 60
55 55
7 7
54 62
56 93
7 12
18 14
71 45
73 7
30 55
77 86
90 49
21 99
66 0
69 36
52 25
61 31
64 83
15 81
69 49
52 21
68 25
61 68
6 36
77 77
81 81
79 79
14 63
90 43
81 26
13 13
41 89
92 39
51 32
51 91
84 19
51 9
0 58
31 31
0 30
74 37
75 23
61 61
51 97
27 27
40 13
7 57
15 74
37 37
81 55
51 51
79 7
61 31
3 3
82 31
97 62
13 51
92 61
40 85
51 98
60 60
14 48
85 26
27 87
45 0
18 18
60 35
70 24
87 87
13 86
80 43
74 50
37 96
69 55
90 48
95 80
67 75
11 22
48 88
75 72
5 67
27 39
21 75
45 43
87 62
70 45
47 58
16 77
43 43
71 45
80 95
97 86
97 83
42 40
89 45
28 28
49 49
51 13
9 51
97 17
81 85
15 15
81 1
79 1
84 23
27 33
55 99
20 20
34 75
62 51
41 28
47 60
81 81
55 100
14 14
36 2
62 30
75 75
94 94
8 9
67 53
49 49
95 95
97 96
32 32
15 96
24 24
36 79
86 28
42 45
55 55
90 9
70 70
69 67
85 85
92 36
32 93
67 10
42 59
34 45
8 8
22 86
68 46
0 0
60 76
18 1
71 28
2 71
26 62
24 24
82 71
2 2
56 84
66 66
73 73
78 60
69 67
98 90
26 26
90 61
69 80
57 77
10 9
60 46
77 77
21 49
98 70
9 74
40 69
8 62
67 16
61 61
23 2
51 24
9 9
64 85
37 0
66 18
1 30
38 52
41 93
45 56
66 28
75 100
57 57
50 62
94 88
10 10
30 53
45 11
69 53
33 57
49 68
20 20
69 18
35 62
14 13
55 77
93 22
56 56
69 84
48 10
13 100
75 15
29 88
63 61
76 99
9 7
76 76
100 88
10 10
55 4
89 46
94 28
56 56
11 11
75 75
54 85
40 40
99 99
61 69
41 94
87 87
20 20
77 57
92 48
19 19
3 23
53 14
12 40
10 9
54 38
13 13
70 76
54 18
32 55
58 74
68 79
25 24
7 63
6 97
46 79
36 36
8 100
39 26
75 31
3 18
69 57
85 85
44 44
94 94
89 89
23 7
75 70
55 70
84 25
43 6
2 2
7 24
46 46
65 65
38 41
83 58
74 74
91 91
24 23
29 29
26 26
6 6
39 86
25 42
59 10
35 35
32 32
59 59
71 98
34 34
58 8
0 0
74 71
50 85
16 96
72 37
34 3
33 37
52 52
6 92
44 24
6 31
64 3
27 88
4 83
60 12
68 59
21 4
23 56
34 63
74 98
64 99
75 12
92 75
28 66
2 19
96 62
67 55
6 85
74 65
91 91
81 81
63 3
61 61
75 58
62 22
98 9
56 56
76 61
94 15
53 77
60 60
7 71
87 65
35 75
56 50
40 77
16 16
58 88
34 34
97 97
41 47
17 17
98 98
26 26
8 95
52 17
83 83
34 84
62 86
67 67
99 58
79 79
84 78
99 99
69 61
84 24
15 15
61 7
38 38
19 24
6 6
73 35
16 76
21 93
69 52
22 18
5 60
6 35
87 97
25 26
69 69
82 78
44 44
39 96
49 51
6 19
91 44
17 88
85 11
29 29
29 35
11 9
10 69
4 4
22 59
72 40
73 73
29 13
75 44
42 42
79 79
76 16
33 33
58 55
21 21
16 36
94 94
49 90
100 26
43 69
11 35
23 23
100 85
10 10
14 14
26 84
52 40
77 56
9 66
55 55
9 9
77 77
39 48
7 7
58 17
84 33
9 4
67 57
47 77
53 53
56 76
47 60
16 16
83 35
31 24
90 90
20 16
25 25
8 8
67 24
44 44
11 11
58 56
89 64
18 39
66 65
20 36
44 10
82 82
87 92
36 36
25 52
78 8
38 38
89 89
34 18
3 88
23 13
32 1
30 30
37 23
19 81
91 91
78 22
15 71
68 66
64 70
24 72
95 83
100 85
34 52
71 17
65 21
85 85
21 86
30 70
70 23
100 27
3 16
12 88
59 89
44 95
12 12
13 70
64 10
2 53
68 62
0 29
18 51
78 42
44 41
86 90
82 82
30 65
58 2
44 44
56 56
95 83
58 58
98 98
92 48
4 61
38 62
77 77
21 43
54 56
36 36
35 61
46 14
82 99
87 87
79 80
44 71
53 93
13 13
32 81
4 99
29 4
7 28
15 15
13 13
33 33
83 20
48 48
56 56
30 71
54 16
54 13
14 65
80 85
95 36
8 38
82 53
6 6
99 42
7 66
21 28
6 89
66 8
44 35
73 87
31 64
45 98
40 84
95 46
61 14
81 81
81 100
74 25
58 92
91 12
86 86
79 98
79 79
36 70
2 11
24 72
77 90
91 69
12 85
37 37
20 20
49 11
54 89
71 71
18 22
16 30
97 29
45 34
61 91
79 63
29 81
17 17
38 51
81 46
53 22
97 51
53 72
20 39
62 20
37 61
64 45
34 29
40 80
80 23
74 39
1 1
30 33
87 23
83 83
88 88
84 85
59 82
10 23
72 66
21 36
59 59
12 93
27 40
47 29
63 77
17 72
7 100
1 4
26 12
62 83
93 36
30 20
100 54
50 50
32 32
69 51
4 50
89 95
52 74
27 27
77 77
77 55
32 53
42 28
59 59
46 86
37 78
69 12
2 2
27 17
78 12
26 26
42 40
52 36
24 81
94 94
30 30
96 96
99 99
29 52
55 12
15 81
50 28
37 75
79 41
96 92
79 71
37 30
56 79
2 38
27 90
80 38
18 46
18 87
71 99
53 74
72 72
93 93
83 83
34 29
53 77
99 19
16 16
30 47
98 100
94 46
95 95
4 40
11 12
81 70
28 1
17 17
32 84
61 95
5 14
23 23
54 21
44 44
46 96
28 38
1 100
16 16
83 88
77 72
91 63
54 54
0 0
80 51
92 1
37 31
67 58
21 21
58 46
62 62
70 45
74 74
88 44
50 50
18 18
17 26
5 5
22 12
27 72
13 13
12 42
5 35
25 6
72 88
67 16
20 74
74 88
85 20
46 46
68 17
93 32
95 95
54 54
84 72
59 25
61 61
50 50
28 28
35 35
81 28
60 88
27 5
98 98
66 26
82 2
51 66
48 54
77 31
30 30
80 80
25 52
47 47
72 54
76 42
14 62
73 84
69 76
67 94
10 73
99 39
38 10
86 82
18 3
13 40
54 11
68 25
4 58
68 68
24 24
55 5
52 4
42 75
31 12
98 35
65 65
36 36
79 12
70 70
47 79
36 13
19 19
99 99
3 61
21 13
68 44
3 3
94 94
48 48
63 79
54 71
35 52
91 91
88 88
86 21
99 79
37 37
21 22
6 6
17 17
94 94
0 59
55 97
10 82
11 1
88 88
44 50
86 96
40 7
4 100
16 10
8 76
79 79
94 66
93 99
63 63
50 90
86 99
10 7
9 9
55 55
19 84
1 1
86 5
0 42
77 77
78 74
25 42
32 17
65 65
38 29
68 1
23 23
17 66
24 24
2 64
2 5
15 73
90 56
40 40
64 34
67 69
74 90
70 16
65 32
45 29
27 44
11 14
77 77
9 20
81 81
50 8
46 46
97 97
87 36
67 14
42 42
39 39
6 6
69 69
100 64
77 13
56 98
51 51
9 2
39 29
35 92
30 86
29 87
7 7
81 76
39 48
52 70
65 33
91 94
55 12
69 32
83 79
35 35
97 80
87 39
25 52
41 41
8 8
100 67
25 25
88 88
21 25
37 37
32 18
27 14
86 86
15 95
68 68
7 94
44 39
36 36
10 93
64 14
86 43
54 88
92 15
49 26
100 100
79 71
97 50
80 4
29 29
70 43
20 20
87 34
91 5
22 62
22 75
48 48
87 87
0 64
54 54
81 81
24 40
35 53
100 3
20 4
87 24
5 90
91 13
14 16
12 86
16 65
45 20
27 11
97 97
79 69
46 99
9 9
74 49
34 17
39 52
0 6
91 89
82 58
34 34
22 45
69 49
98 41
62 33
79 76
75 98
66 23
30 30
25 0
31 4
1 1
77 47
54 86
40 40
97 4
96 42
71 67
88 53
97 96
94 94
67 41
82 82
10 10
79 86
8 8
39 32
3 50
82 82
50 49
36 94
19 14
72 88
30 81
46 69
68 68
50 15
22 92
42 62
20 20
67 73
39 83
72 23
84 84
84 32
84 23
79 98
67 48
86 78
75 75
20 64
40 65
1 21
18 26
71 38
65 89
51 67
61 61
37 41
53 88
39 39
25 42
19 95
15 84
63 35
14 23
57 57
56 49
56 15
33 33
38 39
93 58
57 16
82 30
99 86
94 67
18 18
93 76
53 78
59 43
20 17
79 21
40 40
45 68
12 12
55 94
15 64
62 62
50 14
22 37
7 7
69 30
77 62
62 44
30 97
1 57
53 41
100 69
65 74
36 70
56 83
13 9
74 59
93 88
70 58
10 10
82 82
10 9
65 50
0 0
47 37
72 96
67 24
28 28
12 84
48 48
29 31
63 63
51 5
27 17
1 1
46 74
67 67
89 23
30 92
62 17
17 17
87 19
94 94
30 81
45 45
89 89
63 63
75 75
36 20
100 62
48 48
99 31
51 4
73 77
12 48
55 5
13 45
60 89
62 62
82 82
14 46
50 18
73 73
93 72
56 91
63 31
79 79
3 3
19 90
36 71
37 15
88 21
40 40
34 34
81 2
84 10
23 66
47 80
0 10
83 76
74 98
31 34
24 1
44 17
72 42
27 39
39 39
8 8
55 37
22 19
24 24
6 44
47 47
84 43
65 43
81 81
52 52
94 49
0 88
23 62
57 57
77 15
27 4
90 90
92 18
88 88
66 16
90 91
77 8
84 46
21 7
0 0
34 34
40 11
56 47
16 75
12 94
39 28
90 76
68 3
7 47
31 60
95 95
62 53
81 64
79 49
94 94
1 44
10 72
8 44
99 77
25 37
25 25
16 52
16 26
56 72
1 75
59 59
62 3
2 2
45 45
100 54
94 94
8 8
74 74
5 100
33 33
80 75
91 91
98 98
21 0
49 76
54 12
90 41
44 18
23 49
68 93
83 83
5 5
12 13
46 86
76 24
99 58
98 41
66 66
64 1
71 31
79 19
15 80
77 77
15 15
47 47
13 13
47 70
12 80
99 0
91 6
51 34
62 62
68 68
28 93
79 0
36 75
27 14
16 16
31 31
6 81
81 78
80 72
25 69
4 6
86 57
1 91
79 86
62 79
28 52
25 26
31 31
69 69
73 73
100 19
65 65
80 62
52 54
68 55
49 5
39 39
11 91
86 86
81 91
88 97
22 22
26 67
91 51
53 53
50 50
11 73
66 44
2 70
46 50
82 38
88 92
91 33
37 83
98 15
56 37
84 70
88 73
66 37
90 47
98 31
83 83
35 60
18 31
94 94
86 86
23 54
61 22
21 48
54 2
12 14
97 23
25 25
20 20
54 17
58 56
37 37
88 16
5 85
38 23
36 53
67 63
8 98
83 6
23 44
66 77
97 97
18 57
83 81
94 4
87 87
87 87
40 78
1 61
97 71
46 46
35 51
20 1
47 61
52 28
18 98
86 89
48 48
86 33
7 73
50 20
62 40
65 43
47 65
2 2
14 10
77 47
88 13
73 26
84 45
71 90
55 55
63 40
38 2
32 29
86 86
82 82
6 6
39 39
15 43
67 67
50 50
41 41
84 84
30 32
85 5
68 68
100 23
3 98
27 92
26 25
94 14
67 19
72 66
82 15
15 23
23 0
75 75
81 81
11 11
54 28
37 37
12 57
98 98
35 16
50 27
79 79
50 69
64 64
99 62
89 20
7 78
93 93
69 33
42 3
10 70
83 61
78 78
95 70
68 91
7 88
32 91
81 81
100 100
61 55
40 97
12 12
22 43
62 93
76 73
84 42
13 88
69 72
27 27
51 67
8 44
18 52
25 33
91 4
11 11
34 62
71 71
56 30
14 64
100 9
30 30
76 76
98 98
99 83
19 19
3 3
3 10
43 16
80 54
35 30
12 74
16 77
20 46
84 57
66 66
60 60
26 41
93 60
11 50
7 24
71 71
59 85
20 2
14 25
19 76
6 26
35 46
18 18
89 32
95 67
45 16
75 75
82 40
85 9
94 94
6 12
98 98
33 33
36 32
5 30
56 56
28 61
56 74
34 34
66 25
94 27
24 40
38 24
98 39
88 54
36 47
69 69
34 34
93 73
96 70
40 17
46 82
71 71
95 48
38 41
90 97
31 90
64 64
0 74
20 86
71 95
32 60
15 37
73 49
82 12
19 95
95 18
57 28
54 54
34 90
100 100
15 15
33 33
80 52
94 94
32 18
35 78
67 67
76 76
1 22
73 59
78 49
76 1
29 29
23 6
10 18
47 4
2 20
61 1
98 41
47 18
93 93
100 74
6 19
77 85
98 6
70 70
99 99
11 11
29 96
77 77
75 74
46 46
29 13
75 37
69 69
2 20
16 16
56 56
43 43
27 27
16 16
74 85
98 31
23 33
24 24
90 24
94 94
27 27
8 49
94 94
51 31
96 22
17 30
67 93
83 15
24 54
79 75
39 25
92 92
97 64
67 42
6 35
77 91
77 76
70 90
28 45
66 10
28 28
83 20
4 70
55 72
91 88
90 52
61 51
47 27
36 33
75 29
52 88
68 11
71 54
53 21
90 67
98 35
68 16
68 97
6 6
51 51
28 28
70 70
82 18
32 0
6 61
66 67
97 72
1 90
8 77
93 93
3 14
54 88
94 74
48 53
80 80
85 58
68 56
32 7
7 7
23 23
18 18
16 58
27 73
98 100
25 6
63 42
3 38
95 68
22 88
26 43
15 60
58 24
96 90
99 71
45 45
51 47
17 63
66 66
66 66
33 39
47 0
34 34
96 95
22 80
84 66
98 40
19 17
100 100
50 50
24 63
6 31
19 2
58 6
70 97
63 93
30 10
25 84
73 90
50 98
53 61
3 3
27 49
73 92
82 82
14 14
29 78
3 69
73 59
27 34
72 90
59 59
100 78
26 56
13 97
20 49
51 67
34 56
46 46
98 98
57 8
23 23
38 42
47 88
11 94
28 81
48 41
49 49
2 2
50 50
5 40
42 93
51 91
80 17
76 77
46 54
25 45
27 27
33 33
28 88
12 12
99 99
77 15
56 56
53 34
93 16
86 86
70 2
100 90
97 82
48 48
54 74
39 71
46 46
1 1
21 50
79 94
75 39
73 73
56 56
43 43
3 14
90 25
81 80
55 55
42 30
4 89
79 93
15 15
59 49
60 41
61 73
4 74
89 15
80 80
19 55
35 35
85 14
33 94
23 32
84 4
73 16
34 5
79 38
40 62
62 62
87 90
59 72
27 13
58 58
96 96
71 48
8 4
58 70
10 82
94 32
88 88
92 1
15 15
89 63
4 4
90 90
85 7
49 49
82 71
26 47
7 7
98 98
55 55
84 84
20 20
91 91
38 15
25 13
23 65
8 44
25 79
52 52
50 29
38 28
37 62
55 55
63 39
8 51
35 60
44 44
42 42
67 67
42 64
19 87
26 41
28 10
69 69
76 20
49 31
47 47
74 75
54 72
15 27
18 63
83 83
22 0
28 37
61 0
83 54
90 91
61 78
77 100
65 55
89 1
100 20
31 31
86 86
72 7
22 52
60 60
78 34
15 73
2 2
51 19
94 16
38 49
58 58
41 76
65 5
45 55
74 89
76 33
49 49
1 80
39 25
45 47
75 89
22 20
16 16
26 32
18 55
100 100
11 11
46 19
51 85
58 100
41 41
35 74
33 33
6 6
54 54
41 98
74 74
46 31
59 50
62 62
0 53
18 18
83 89
44 5
91 44
30 67
38 66
64 85
95 77
59 59
83 83
99 67
78 78
29 29
71 34
11 11
79 79
18 89
50 50
67 73
11 27
48 88
89 89
79 89
52 45
76 10
92 92
15 94
53 53
45 45
73 49
67 67
93 17
23 35
7 73
48 70
61 38
96 2
37 37
53 93
43 62
85 68
32 32
48 100
88 71
10 10
20 93
3 29
94 19
37 37
28 28
44 50
20 20
43 96
79 83
98 32
3 17
64 64
26 62
95 5
91 94
100 89
13 76
69 30
19 68
36 36
42 65
99 99
70 70
23 23
80 38
30 30
91 91
3 40
42 42
57 37
88 61
56 31
65 84
57 67
32 33
84 34
56 59
82 45
20 20
23 23
65 74
85 32
27 60
2 2
69 69
45 45
6 46
88 4
47 2
94 51
31 31
87 1
67 10
61 68
41 41
32 32
54 91
13 50
84 100
75 52
10 99
67 91
25 25
52 52
68 87
98 69
48 18
73 76
84 84
82 53
28 69
18 25
37 79
87 68
40 35
55 42
28 67
54 2
97 95
78 45
47 66
89 89
51 40
1 81
47 84
8 8
96 96
17 82
2 2
47 47
33 24
11 11
17 92
64 1
66 30
72 79
10 86
84 77
67 67
49 38
33 33
16 57
74 10
85 85
96 78
4 78
66 91
19 19
88 100
85 85
96 60
3 75
38 26
41 41
47 69
20 20
2 2
9 42
59 69
98 88
39 39
58 46
70 70
80 21
74 63
91 43
25 54
66 20
30 39
2 2
60 60
12 45
85 33
49 9
82 82
99 44
88 19
19 50
24 59
22 22
2 2
15 72
100 100
13 13
82 76
20 13
98 98
27 27
100 69
52 52
11 21
79 44
18 66
89 57
41 35
83 9
93 1
45 84
18 18
13 70
82 80
32 2
48 14
89 89
54 77
21 21
87 24
0 84
6 94
19 75
77 45
71 15
87 87
88 66
26 26
82 82
57 57
97 97
32 32
78 27
34 71
96 1
26 26
51 55
77 84
93 89
76 19
41 41
40 60
37 5
10 10
68 68
35 35
24 24
98 50
9 17
94 94
94 51
56 54
94 38
35 78
65 65
21 21
25 99
92 40
83 83
47 47
27 55
67 39
6 6
98 65
49 49
92 27
58 57
60 70
76 76
16 88
91 96
49 71
45 45
95 32
79 23
81 65
87 23
29 1
77 46
52 84
53 61
42 25
21 26
23 92
72 69
89 89
89 89
52 52
21 21
66 10
72 41
47 34
6 61
94 72
3 66
63 31
32 84
70 70
60 32
100 40
93 73
4 16
28 28
29 45
53 44
43 96
63 24
15 69
11 6
34 34
83 83
59 95
95 45
36 4
97 28
51 26
72 59
0 0
39 51
53 69
67 56
55 39
54 9
49 14
90 90
37 37
56 56
24 29
66 66
85 31
10 10
94 31
11 43
12 47
89 89
1 1
63 49
14 38
49 48
65 65
61 61
39 40
31 48
89 5
42 63
88 88
65 45
30 30
19 19
54 54
59 19
38 38
28 28
36 68
64 60
22 35
44 44
98 35
59 46
33 2
61 88
13 9
83 83
54 64
64 66
81 81
85 26
48 6
14 14
18 34
98 98
11 11
5 66
59 74
20 20
99 51
74 74
57 57
62 84
64 64
69 3
90 65
37 37
72 72
49 49
24 24
31 93
54 28
41 71
43 36
76 32
14 51
44 1
51 36
95 4
57 92
48 6
28 28
62 27
91 91
64 64
89 0
100 86
41 41
32 0
100 56
95 83
95 95
73 49
7 44
23 33
72 34
52 52
26 26
36 7
82 82
62 62
52 2
66 79
19 85
23 52
83 71
39 83
39 5
34 55
71 71
23 23
32 87
43 12
71 23
82 61
56 53
78 49
16 74
20 6
80 51
57 87
33 33
7 54
83 93
82 82
66 66
51 45
20 20
72 72
92 92
18 18
31 31
54 54
36 33
30 42
33 45
3 41
79 82
48 74
69 69
84 84
62 62
55 57
86 77
41 76
43 43
6 89
78 94
41 94
24 43
97 97
35 90
91 4
14 36
6 46
48 29
40 30
89 78
37 37
63 53
36 36
54 88
87 87
30 30
73 99
49 49
59 97
3 52
53 83
68 15
8 8
45 37
13 13
51 17
35 35
15 8
77 71
41 89
94 57
73 9
63 45
20 76
23 8
44 84
9 9
37 59
55 55
26 15
90 90
48 45
44 4
99 97
87 88
28 67
73 73
93 93
62 85
98 36
47 75
48 48
40 10
4 93
70 15
99 99
97 73
75 75
16 16
42 42
22 36
90 26
34 6
90 90
20 17
22 97
47 89
21 7
57 32
9 48
63 83
49 90
59 59
10 34
82 82
100 100
91 91
85 93
33 6
47 49
33 33
67 67
26 26
30 91
82 68
75 75
59 39
60 84
62 62
69 88
84 46
45 86
59 41
57 76
31 38
81 2
91 12
89 2
89 27
10 37
94 22
42 58
32 32
93 50
93 17
26 70
10 92
26 97
71 71
77 45
95 42
7 7
6 23
77 77
31 90
91 77
75 60
25 63
22 22
98 88
90 42
57 57
58 58
35 35
24 93
55 55
6 61
16 16
77 77
79 38
88 88
74 89
55 55
66 66
69 19
66 78
63 63
40 62
96 7
34 22
23 37
75 47
20 73
60 60
61 67
86 86
2 93
74 38
93 2
5 5
37 9
87 87
38 26
61 59
78 4
54 31
42 57
90 43
77 39
46 20
6 6
29 59
44 76
46 22
55 98
55 74
39 39
79 65
64 64
40 84
64 59
53 32
64 64
62 11
57 9
94 96
67 17
6 10
38 42
6 45
22 65
90 47
93 78
18 58
61 29
0 0
24 38
20 85
18 93
5 24
71 0
86 48
87 87
25 25
91 91
0 0
78 78
33 36
58 62
12 40
100 15
0 0
18 40
100 100
45 41
58 58
15 23
58 94
27 53
72 72
10 83
75 47
36 24
83 65
16 96
19 19
67 67
66 9
95 14
37 37
23 60
27 60
93 37
40 64
52 6
52 23
84 79
27 14
84 33
78 83
8 64
22 11
35 35
39 25
48 13
63 63
92 92
12 60
50 50
45 28
79 79
71 56
47 43
18 25
95 32
63 23
21 77
86 86
74 74
90 48
15 51
13 28
98 98
35 35
67 72
66 93
15 43
68 61
42 13
47 47
10 68
40 58
4 4
68 97
57 58
55 39
38 52
65 19
38 38
54 54
51 51
81 25
7 7
44 73
4 73
40 85
20 65
34 99
8 8
24 24
48 56
24 24
40 18
34 29
7 95
23 36
3 17
87 87
79 47
68 68
39 39
71 84
75 17
65 65
29 19
47 10
66 45
75 84
57 67
71 71
98 77
15 83
38 57
26 69
94 79
10 51
93 93
62 57
44 9
41 64
7 7
51 87
51 19
80 74
45 28
38 50
99 99
60 88
3 3
98 98
33 33
45 45
14 84
53 92
69 36
80 80
48 50
61 61
29 23
47 38
36 36
12 12
93 91
50 64
70 70
81 81
74 51
1 1
63 63
33 14
44 44
22 24
12 68
65 45
11 22
100 72
83 83
24 24
70 3
44 72
97 28
76 76
92 28
61 61
71 71
86 25
8 77
23 22
1 39
99 60
30 88
34 34
74 57
57 57
83 24
93 93
99 65
40 68
38 38
68 100
9 13
9 9
1 2
44 73
3 68
86 86
75 75
9 9
1 27
94 94
100 72
32 32
6 6
30 92
87 28
37 72
18 50
38 38
3 82
63 63
34 47
64 64
17 1
17 33
84 40
27 94
15 33
0 86
9 46
92 99
47 47
5 5
72 74
99 99
78 78
93 18
33 23
63 24
59 75
52 49
86 86
72 72
66 66
97 97
82 82
20 46
33 83
10 2
95 38
67 81
87 0
90 90
5 5
92 92
17 67
85 67
34 34
2 8
26 98
39 39
35 35
13 81
76 8
55 24
71 71
98 30
87 87
60 62
14 14
6 6
16 86
46 39
1 46
75 25
53 13
16 53
19 96
67 8
36 92
60 60
95 76
26 26
81 46
44 79
41 35
39 56
34 93
3 3
47 7
50 50
37 37
60 67
95 95
55 55
92 92
78 26
93 93
100 25
34 34
78 78
64 64
14 14
46 24
51 39
69 56
96 30
91 100
58 5
6 44
100 45
5 1
45 45
0 23
36 30
63 80
78 97
74 91
53 93
86 53
12 12
54 65
19 19
74 17
82 4
57 88
7 7
1 1
20 20
3 24
22 70
26 26
81 48
10 45
47 61
50 35
7 67
51 52
39 39
48 29
92 18
5 89
16 84
95 75
13 70
24 98
86 86
32 79
0 96
90 90
46 46
56 69
79 79
10 10
32 8
28 90
39 3
40 40
37 67
77 2
10 42
71 83
38 60
21 18
74 66
72 54
8 4
89 95
48 48
62 85
35 13
46 99
100 100
28 9
2 46
53 53
8 83
12 45
9 9
23 71
60 60
26 14
77 32
50 50
84 84
88 14
20 49
25 25
54 54
35 35
79 38
14 14
55 2
57 76
23 8
74 63
39 52
98 84
61 61
87 18
48 73
35 36
67 9
70 70
10 10
30 54
94 38
80 1
40 18
33 14
98 25
52 51
100 100
28 51
21 36
2 90
19 19
100 91
38 6
90 90
91 99
23 17
22 22
86 67
42 94
61 65
30 41
20 85
67 57
10 41
42 95
15 68
59 51
12 5
53 53
51 51
70 97
28 72
25 25
18 18
78 78
99 35
20 20
82 23
91 45
47 78
63 95
1 42
76 0
62 2
20 79
77 53
19 86
32 79
16 16
67 32
90 23
67 20
19 71
63 85
86 68
83 83
65 35
58 51
93 94
94 98
74 87
99 99
3 3
85 88
62 7
95 47
60 60
32 80
96 54
64 85
49 12
28 28
78 78
0 93
16 16
53 53
83 83
62 32
29 35
56 82
76 33
36 91
90 33
47 47
49 66
100 100
66 91
72 72
69 69
83 83
90 90
78 78
88 88
41 28
82 91
54 54
55 4
17 67
97 66
49 13
94 10
78 73
62 62
42 42
31 39
36 36
73 24
77 36
18 18
13 59
99 44
89 36
37 96
75 68
37 65
17 85
42 42
92 92
11 44
74 83
77 55
79 31
33 33
36 59
83 50
30 30
75 82
75 62
73 38
81 0
0 11
42 18
80 63
15 15
8 8
4 77
32 12
51 84
22 71
2 63
26 6
94 28
86 100
91 91
31 60
81 62
37 37
89 98
79 3
97 92
40 40
85 59
34 5
26 44
42 42
39 39
8 41
42 34
3 33
56 56
28 9
48 71
5 36
56 56
18 46
48 69
13 100
100 51
0 98
93 93
12 37
81 33
81 81
81 81
9 41
14 14
52 52
8 99
69 58
11 56
68 49
37 63
40 40
37 45
53 79
97 94
3 31
74 74
90 90
44 41
40 32
82 6
4 17
41 2
36 98
21 21
14 14
99 16
85 86
39 41
13 47
94 81
67 67
74 74
16 57
29 29
64 27
97 97
11 13
63 76
70 11
75 75
41 38
58 58
24 24
76 18
39 86
98 25
100 59
39 39
57 57
4 69
4 95
14 15
61 61
65 9
24 35
73 36
47 82
12 77
1 13
88 100
74 35
23 95
27 11
79 79
83 83
63 62
5 55
72 72
43 41
5 47
8 8
95 52
62 62
99 96
60 3
8 8
12 11
58 87
66 66
72 74
92 89
79 27
17 48
88 88
52 52
62 62
49 70
55 55
77 77
38 38
56 74
0 0
50 50
94 94
91 100
49 99
97 51
51 65
72 96
55 49
97 59
97 6
20 67
1 37
42 39
17 17
22 22
77 77
29 63
17 9
91 91
86 75
51 50
77 77
20 20
50 7
64 64
7 22
38 38
40 82
81 63
70 12
94 94
71 6
2 5
27 27
46 8
85 83
100 80
4 42
25 26
40 78
95 95
42 18
99 94
25 87
94 73
71 71
72 96
0 55
7 74
97 81
57 57
59 18
12 12
75 75
74 74
1 33
26 21
14 14
79 61
50 84
92 92
29 18
57 69
34 8
5 46
25 7
36 78
42 63
85 85
92 92
80 80
100 34
49 90
33 8
83 11
15 61
96 96
78 83
54 74
62 40
74 74
73 65
19 19
20 56
2 68
60 80
35 59
74 32
38 15
70 70
30 26
35 35
74 74
62 62
34 48
66 88
80 60
19 8
93 27
25 73
98 2
73 14
78 98
76 76
66 66
57 94
53 33
81 39
87 87
52 52
57 57
46 67
56 86
62 62
70 23
43 43
13 13
4 60
32 32
93 16
82 50
95 95
69 60
81 95
76 22
30 30
90 19
59 81
1 35
7 7
70 90
63 31
77 65
73 28
25 93
94 46
75 57
71 71
38 38
36 89
70 60
91 84
82 27
70 33
64 95
68 17
19 96
45 52
7 7
54 44
58 13
43 19
64 64
48 27
52 91
30 58
70 89
71 67
75 56
72 72
29 29
40 98
48 78
45 45
77 81
53 4
53 35
30 100
37 46
59 16
44 40
49 22
21 32
13 90
76 98
20 83
26 21
5 5
49 54
81 29
1 100
73 73
75 75
12 60
38 38
44 44
5 6
57 57
66 97
48 76
69 97
10 3
77 25
45 25
51 51
88 27
16 94
30 30
70 71
78 4
60 31
0 62
100 48
40 40
55 86
9 9
88 63
95 67
58 36
73 58
20 50
98 98
4 4
4 4
48 36
54 7
1 88
2 2
57 69
52 51
21 21
84 84
53 100
39 5
91 91
70 70
72 68
1 1
81 73
2 13
13 13
99 24
39 39
65 18
16 86
82 85
55 55
39 58
35 35
1 1
62 62
32 56
34 34
32 41
85 11
45 65
42 42
32 48
86 52
26 4
0 66
40 40
95 49
16 20
98 82
87 87
4 73
31 36
26 20
25 18
97 18
28 39
45 97
32 46
62 10
95 31
65 22
4 61
54 16
67 86
73 76
64 2
48 48
64 64
45 93
44 24
80 80
88 76
55 70
9 65
14 34
92 47
11 11
19 86
16 5
87 23
64 43
19 19
1 32
93 66
29 29
14 14
71 62
4 41
58 92
45 35
61 43
34 34
34 79
76 90
79 29
89 89
48 1
5 89
57 55
24 87
98 10
34 34
8 64
72 48
33 66
69 69
21 99
84 84
80 6
66 25
36 36
52 52
36 36
70 28
62 99
21 6
78 78
14 14
35 49
11 70
74 20
46 14
6 80
12 96
32 76
73 47
30 68
53 14
72 45
63 63
3 82
98 15
24 0
88 65
14 48
86 86
45 25
4 4
13 35
4 12
18 67
48 47
89 11
73 73
10 10
41 56
63 63
0 90
3 11
12 12
65 50
5 5
0 45
86 86
66 66
1 1
30 33
48 45
47 13
8 49
2 22
64 64
90 64
18 79
17 17
14 14
56 76
18 58
2 2
44 54
55 55
26 26
49 63
42 42
66 95
42 92
10 10
99 99
7 25
51 18
43 100
28 4
34 34
0 0
15 100
73 73
24 10
13 97
93 68
32 49
7 21
54 54
5 5
51 51
71 71
98 98
37 87
11 11
7 7
1 62
16 16
25 35
18 33
16 22
97 11
71 71
53 53
20 82
25 25
82 81
20 83
38 38
94 43
82 82
84 84
3 66
16 65
96 61
12 86
76 74
82 82
30 89
15 64
61 61
49 49
69 69
65 65
79 37
32 32
25 74
75 75
81 22
49 70
18 18
85 85
29 29
52 52
52 15
44 16
98 98
3 36
94 94
29 29
50 35
25 20
12 63
77 50
80 80
88 39
61 59
25 50
18 77
50 41
5 60
89 6
14 93
83 88
90 90
4 4
18 18
94 94
44 97
90 20
53 53
34 57
3 19
7 7
50 50
72 3
45 33
61 83
76 76
44 57
23 23
25 0
12 12
44 44
50 18
72 96
37 50
82 90
93 99
74 58
79 79
25 82
80 12
56 68
38 74
62 62
6 6
95 5
59 87
8 8
92 60
23 89
79 57
81 81
62 62
45 91
84 70
81 6
71 89
53 53
82 39
7 7
75 80
72 10
28 28
2 14
26 92
14 14
68 80
36 53
83 98
95 95
69 18
23 94
17 97
95 95
7 7
50 85
1 22
72 37
15 20
13 13
63 85
14 11
4 29
16 16
92 79
7 18
10 87
72 71
16 21
4 29
39 74
43 19
12 45
87 37
80 84
66 22
63 82
42 42
74 74
17 34
39 73
60 60
30 30
100 37
18 83
31 7
37 78
93 14
70 100
89 20
34 34
45 4
8 25
16 62
24 24
85 42
5 5
86 71
82 7
59 41
22 12
51 41
73 75
94 13
95 97
31 31
83 83
34 97
21 48
12 12
55 32
64 64
81 95
6 76
79 6
25 51
93 89
17 77
42 42
74 73
29 81
79 75
6 6
6 33
44 90
66 18
13 51
34 82
13 53
34 28
46 46
18 86
24 13
49 49
22 80
25 46
62 58
65 39
72 72
20 5
20 56
19 19
69 69
32 76
77 54
3 67
86 86
88 34
89 20
10 10
30 74
41 24
43 43
95 36
96 11
68 25
51 51
100 100
1 57
76 1
97 71
12 12
12 24
98 98
18 38
39 39
47 58
32 79
73 84
99 91
62 62
95 38
39 6
57 63
28 28
41 5
91 91
75 78
73 27
22 57
47 47
40 18
57 57
8 59
53 35
37 97
5 80
6 6
62 81
95 22
21 69
47 47
77 83
99 99
36 36
15 52
53 42
93 91
65 50
99 78
46 46
20 20
55 60
18 72
82 1
93 93
33 91
50 54
76 25
73 92
30 30
79 79
39 76
12 44
22 46
39 10
48 48
84 84
28 9
30 60
62 62
96 47
73 72
2 87
71 74
58 58
41 46
95 67
15 46
82 82
1 48
11 59
21 34
26 62
19 19
91 91
79 48
59 11
93 93
16 16
16 88
41 80
39 56
91 91
39 75
80 80
44 79
20 11
85 85
76 97
92 99
37 37
63 82
99 20
27 98
43 66
36 45
49 49
47 31
43 43
27 27
62 62
1 1
3 6
42 26
36 36
64 59
83 19
42 42
4 68
55 11
90 67
6 6
57 44
28 28
49 95
5 66
24 96
59 98
2 6
4 14
61 49
33 22
46 82
92 92
62 62
27 27
87 100
8 8
58 18
44 60
87 32
23 23
49 32
94 94
54 54
76 68
56 3
55 22
32 99
99 23
45 56
7 95
1 1
82 80
69 34
75 74
46 46
50 21
43 43
59 56
90 46
22 78
89 68
21 7
70 92
49 88
30 2
87 87
100 33
83 42
32 70
88 88
83 91
24 24
12 10
12 12
21 85
56 100
59 12
55 83
6 5
36 36
100 100
87 13
53 68
92 2
45 25
88 88
73 63
66 44
92 92
11 64
8 8
7 58
1 1
62 62
87 87
20 22
82 20
97 97
35 86
70 96
52 30
21 21
30 60
21 29
67 15
96 17
87 87
1 1
12 27
77 89
24 51
0 98
94 94
58 58
96 58
68 37
4 32
78 87
62 14
32 48
36 25
2 71
40 93
19 19
73 73
48 36
82 82
40 45
50 50
17 34
16 14
58 58
9 75
77 0
38 60
17 52
78 77
89 56
64 7
19 19
10 10
33 6
77 77
9 9
50 65
9 9
64 28
38 60
15 100
6 66
78 12
9 9
34 58
69 86
12 22
15 62
7 58
71 93
75 58
43 13
94 5
36 26
55 78
43 43
7 49
78 59
24 12
7 79
19 82
77 88
48 48
24 98
93 24
66 12
8 8
42 95
30 99
53 61
60 31
39 39
33 33
95 95
5 37
11 0
17 18
29 27
53 34
76 58
19 3
13 13
81 34
87 45
41 67
5 54
5 5
69 34
84 80
30 30
27 47
84 95
98 38
58 60
4 4
10 10
81 10
2 1
81 5
29 43
95 37
49 62
4 53
1 1
11 5
66 98
12 0
20 50
84 4
0 58
9 9
88 88
25 75
0 0
88 96
35 76
54 56
27 73
36 46
54 22
82 82
42 42
99 33
24 9
54 78
52 54
52 52
24 18
4 4
49 49
55 79
59 14
50 53
47 99
57 72
17 17
75 94
84 46
97 5
67 15
76 86
79 79
97 24
21 66
62 92
58 58
71 71
97 38
74 29
66 75
72 31
13 87
98 92
3 30
65 38
67 58
53 78
54 54
69 27
1 7
63 63
73 73
28 56
55 62
20 76
27 27
20 55
45 7
86 4
10 10
97 94
52 52
40 60
6 6
92 27
25 31
3 3
17 17
94 81
42 76
1 66
27 52
19 53
45 52
100 53
37 13
6 67
11 85
7 92
74 47
23 23
76 76
66 20
34 12
40 17
0 0
57 57
43 43
12 4
29 92
31 73
52 52
15 11
7 7
89 89
32 3
77 27
28 91
29 90
87 24
41 41
4 4
81 24
0 86
58 81
44 12
92 82
73 73
66 49
61 37
12 52
28 99
95 91
22 67
22 22
29 32
38 61
6 94
74 74
23 23
83 77
40 26
74 74
20 83
37 10
86 83
33 33
24 69
22 78
69 69
31 61
42 6
85 97
8 8
51 35
93 93
49 23
69 91
17 17
8 13
13 13
26 42
86 86
91 50
72 45
14 55
64 64
86 24
42 61
23 23
65 55
12 75
83 83
63 61
16 20
25 13
0 94
47 77
15 15
53 30
70 17
49 56
84 84
20 39
30 30
75 75
48 48
97 97
3 3
36 45
61 61
68 83
63 63
88 88
77 3
5 34
85 75
2 0
21 84
35 84
70 20
67 51
15 95
67 8
91 91
74 96
63 63
41 41
64 64
62 62
98 98
23 72
99 17
76 14
28 64
36 25
92 92
87 41
65 65
92 51
53 66
52 24
18 66
80 80
10 61
73 7
31 31
73 37
74 74
24 92
39 89
99 77
98 22
55 55
46 12
63 63
65 21
22 98
44 41
87 87
100 100
90 65
14 14
34 24
39 25
77 57
23 73
60 60
38 38
71 20
68 68
10 10
4 16
5 34
14 82
49 31
16 0
42 13
76 27
87 87
89 82
100 78
39 39
43 43
74 81
46 0
69 81
16 59
13 100
32 35
27 27
8 8
87 11
96 77
49 49
4 46
6 10
47 15
76 76
63 71
80 16
60 60
21 21
23 23
19 50
6 6
13 43
24 24
75 67
21 74
0 0
34 79
22 60
73 40
67 67
54 54
72 49
62 62
6 30
0 7
56 64
16 75
55 79
30 30
1 1
48 54
80 63
31 36
51 62
11 76
82 82
60 60
82 36
66 19
4 4
24 11
47 53
95 95
16 16
59 22
5 5
52 52
95 94
66 9
40 82
60 33
91 91
32 50
70 39
27 27
73 50
27 21
48 12
21 88
96 2
37 23
77 85
29 60
16 16
47 47
10 8
35 64
38 72
93 59
74 1
50 50
90 87
51 83
54 63
16 65
95 27
87 16
82 82
6 12
19 20
62 17
63 19
92 92
92 92
27 27
40 88
57 57
59 65
1 50
11 64
95 69
36 20
15 11
71 28
51 6
86 86
82 82
43 43
42 42
94 96
78 24
49 49
45 9
14 14
1 1
44 44
49 74
71 18
96 52
96 24
1 1
8 49
81 81
98 98
99 70
91 12
12 53
41 54
29 64
11 95
37 38
57 57
58 4
30 42
4 4
1 60
5 6
72 69
58 7
67 67
15 94
80 77
53 80
42 42
58 92
77 77
19 19
34 30
5 40
54 75
19 85
47 36
62 10
11 11
90 85
38 23
57 1
0 40
33 33
28 78
22 22
96 29
16 90
97 18
66 1
20 52
1 1
94 42
60 3
43 5
35 56
62 52
26 67
36 100
19 19
6 37
3 9
64 29
8 95
1 13
54 54
58 58
23 61
94 94
56 56
17 72
22 15
46 29
51 51
2 2
14 21
41 41
53 62
100 97
43 39
77 77
2 62
47 83
99 77
96 91
2 88
98 56
67 69
25 90
1 23
69 29
68 15
29 53
21 86
58 13
47 52
91 91
19 29
66 32
14 43
88 44
75 45
78 30
1 62
15 29
75 45
53 53
37 37
93 40
31 76
91 17
42 31
64 64
94 94
13 0
44 44
7 80
9 41
91 85
20 45
72 72
67 48
60 89
19 11
8 36
98 87
82 82
61 67
63 74
83 83
44 96
10 10
35 16
2 6
5 53
4 31
11 21
33 0
16 93
40 40
31 25
11 11
77 8
88 76
68 68
0 79
12 20
13 20
85 85
34 30
81 86
36 18
85 41
98 56
27 27
2 47
69 67
45 100
10 10
10 10
82 47
93 40
25 42
78 83
52 52
46 31
75 98
10 83
93 93
66 66
71 94
67 15
30 6
87 87
81 90
57 93
55 27
33 33
80 44
70 46
73 73
56 56
71 71
48 33
35 35
98 98
53 1
45 46
90 33
43 43
77 24
94 43
74 74
94 8
59 13
99 99
72 98
30 51
72 72
6 6
9 29
60 60
59 30
41 1
54 38
30 94
99 16
52 52
89 89
2 80
32 68
11 24
52 38
47 47
14 24
88 10
27 27
81 81
81 77
52 52
8 8
57 57
23 58
48 48
28 28
23 62
16 77
21 80
85 63
5 41
38 38
2 37
30 44
66 66
43 18
76 82
0 52
87 87
88 3
82 3
19 19
92 32
60 42
22 47
14 8
90 69
65 55
39 39
98 98
83 83
55 55
35 22
75 9
69 93
72 98
22 87
63 63
23 17
79 18
77 77
10 70
41 53
75 32
62 62
86 29
23 23
24 75
23 62
10 10
27 77
3 61
16 98
27 27
25 9
48 52
91 23
46 46
20 34
78 93
56 96
90 90
4 30
93 93
48 30
18 24
83 24
45 23
87 50
0 84
81 63
68 68
2 36
73 73
62 89
81 19
58 58
13 10
2 2
91 99
14 14
67 21
68 96
2 30
83 21
4 14
37 99
12 3
24 41
68 3
94 67
100 100
74 23
23 97
32 92
82 87
74 60
27 20
74 14
43 43
36 36
30 30
1 1
29 38
18 33
4 2
8 72
25 14
39 86
85 42
66 96
56 92
4 61
54 17
1 33
91 79
74 10
1 0
73 44
68 68
56 56
64 43
30 57
71 71
19 19
54 54
63 44
9 64
10 10
23 79
44 44
26 77
14 47
47 47
54 92
71 89
93 78
65 4
17 17
70 75
34 68
15 15
77 61
76 4
67 53
3 69
78 57
38 38
90 90
30 30
7 22
82 82
35 63
43 20
61 65
35 63
66 4
96 31
44 53
60 57
48 48
50 50
85 8
55 28
95 32
4 78
84 84
63 32
41 91
37 58
22 72
88 88
52 12
19 54
19 96
38 34
49 53
68 37
76 45
12 10
33 49
54 93
59 59
3 3
77 27
32 32
57 74
57 57
10 80
16 14
63 63
55 66
34 47
96 64
16 89
4 79
49 89
68 8
7 33
50 47
20 24
63 86
91 42
36 36
30 36
77 13
20 90
41 41
74 74
96 93
51 77
87 51
20 31
100 3
89 24
64 7
46 88
73 29
61 82
11 11
49 92
71 71
46 58
22 31
48 48
68 12
53 53
49 49
5 69
4 35
93 93
92 0
23 23
36 36
88 64
46 9
90 40
66 66
11 11
2 24
74 67
98 68
55 75
74 64
69 69
50 50
34 34
63 85
63 63
23 23
91 91
59 65
66 66
35 64
69 1
87 87
87 87
71 67
22 94
3 87
91 91
76 19
5 3
89 77
29 63
13 13
25 91
35 36
100 10
52 86
44 44
22 98
57 67
99 82
79 79
51 51
56 45
40 94
74 74
12 12
21 86
23 23
43 43
91 82
91 60
21 86
100 1
99 99
6 6
77 71
76 52
41 19
90 90
97 71
87 77
23 46
41 4
65 65
1 1
57 9
6 2
63 33
47 5
85 85
74 22
84 13
9 89
1 77
91 86
23 23
62 12
37 66
67 67
92 92
56 56
48 16
1 65
51 7
100 100
10 10
31 88
53 25
92 51
16 16
62 86
82 56
96 96
20 20
14 24
24 80
0 44
72 84
97 97
1 1
3 3
34 0
56 62
62 15
67 96
48 48
26 23
45 77
30 73
81 6
66 85
6 6
94 78
31 31
42 21
7 74
87 66
79 79
64 98
61 65
75 15
61 61
82 51
100 5
66 43
0 35
44 29
41 41
5 5
73 73
49 9
0 1
32 32
3 3
74 33
48 48
21 100
77 19
97 97
26 26
42 2
87 87
15 73
50 50
80 91
84 62
15 25
44 44
14 14
0 0
42 32
5 52
97 55
82 52
37 51
76 92
14 25
22 22
10 10
10 10
66 55
68 68
46 98
80 95
56 50
34 80
60 82
44 89
69 94
19 42
82 82
2 2
1 1
21 21
8 96
22 48
20 20
49 49
49 87
62 36
55 55
26 8
15 32
49 72
29 84
39 72
19 19
91 41
64 64
43 47
1 26
97 28
23 18
93 93
52 76
32 80
80 80
18 0
3 0
80 42
92 77
97 97
16 58
21 30
41 28
67 67
97 2
51 22
79 49
69 71
8 89
83 83
33 100
18 46
56 21
2 86
89 41
52 6
88 88
4 2
85 85
4 11
95 37
43 45
15 56
15 40
92 81
48 31
35 18
49 74
81 28
61 83
35 43
54 54
79 47
67 60
63 26
32 10
57 87
14 33
81 81
28 28
88 30
9 62
99 34
58 58
37 19
65 61
87 2
5 78
50 56
72 40
66 64
7 20
50 50
25 62
99 55
68 64
12 12
68 12
17 17
62 88
14 42
21 1
3 91
34 34
23 45
36 8
10 55
54 29
54 14
64 15
32 64
35 35
32 32
71 69
95 95
83 72
7 7
44 23
15 15
94 94
18 54
2 43
83 40
23 23
25 7
47 47
31 59
37 19
55 20
16 16
59 47
68 98
8 40
49 81
62 88
65 65
95 18
70 43
98 53
1 1
6 65
79 79
29 66
77 77
4 29
83 76
92 32
74 59
14 14
98 30
31 49
81 72
53 76
12 8
7 41
92 28
26 26
52 63
7 81
9 30
94 84
97 72
62 97
22 83
26 76
24 24
82 82
30 76
83 15
92 92
38 93
51 96
34 34
96 57
15 14
10 60
46 91
4 68
90 16
51 51
9 9
1 53
39 89
30 25
58 47
58 58
85 23
89 89
5 51
97 50
55 91
48 51
87 18
43 88
77 78
69 51
84 22
58 59
60 94
68 64
43 8
43 7
45 93
48 67
83 47
84 30
40 40
82 62
41 49
39 39
53 85
40 16
57 23
40 40
41 41
64 64
68 88
88 44
29 29
49 48
10 10
11 49
72 3
6 6
1 49
62 18
45 13
7 7
50 33
12 12
42 77
12 88
76 86
6 50
27 27
80 17
24 52
62 10
6 11
5 5
0 32
84 42
14 14
65 21
40 33
69 40
76 56
40 40
75 75
10 10
52 98
34 58
17 92
13 13
45 85
40 40
15 89
30 87
73 13
3 3
91 91
55 75
88 65
78 20
94 94
72 72
31 80
77 28
97 12
26 70
75 74
60 60
30 30
45 45
69 13
80 58
43 43
77 86
2 2
90 90
85 32
39 39
25 6
11 77
46 85
4 4
40 96
91 91
58 81
87 7
4 88
49 12
79 79
85 41
52 52
67 67
100 93
8 8
70 80
18 93
96 27
9 72
79 79
87 58
86 61
9 9
13 96
32 71
36 81
1 1
75 75
53 53
26 10
69 69
74 9
35 19
99 99
43 45
26 26
59 21
46 46
75 75
6 1
58 26
96 97
45 72
51 79
97 54
17 16
12 19
27 27
72 72
26 57
13 88
8 24
69 32
91 91
3 27
50 56
24 24
50 3
86 61
100 25
38 65
67 94
73 50
68 68
72 72
15 15
35 88
32 92
39 32
52 78
1 60
29 29
55 6
22 19
54 100
19 72
13 78
58 58
8 54
37 37
49 72
15 54
69 69
18 42
33 22
9 87
13 0
65 65
9 15
78 78
79 36
18 42
34 34
33 79
77 82
49 88
37 37
43 3
5 54
21 4
97 97
28 28
32 94
40 40
98 24
37 37
46 46
9 78
16 97
78 68
37 5
100 100
96 96
90 90
12 97
53 62
57 57
66 68
89 89
74 63
50 42
75 75
33 33
85 40
34 34
47 12
25 25
4 67
27 27
42 42
91 91
64 64
88 94
57 57
10 10
45 45
39 8
44 44
70 78
88 34
37 42
74 74
66 66
30 17
26 26
35 48
12 99
39 39
31 31
56 56
89 89
55 43
74 74
73 26
18 20
24 11
40 52
28 16
71 64
89 89
100 18
4 60
29 25
90 55
86 86
97 62
95 69
19 53
69 22
67 43
50 71
78 78
47 13
72 49
98 44
55 55
62 62
9 12
19 19
52 94
7 99
45 46
52 52
37 22
18 43
5 60
88 12
30 30
57 57
63 80
45 45
84 16
1 23
60 60
33 42
89 77
87 2
12 12
7 40
56 45
65 65
100 100
30 15
8 90
81 20
37 63
56 56
85 6
62 62
63 63
76 40
48 48
39 39
54 62
59 59
67 34
8 46
28 43
27 27
58 58
100 83
3 87
99 99
14 14
39 13
32 40
97 69
93 93
58 51
0 76
30 84
64 64
7 7
68 71
84 73
78 87
42 66
76 76
21 12
65 59
43 43
75 89
37 37
62 62
14 44
34 9
12 55
29 27
96 65
71 48
50 8
73 75
25 84
51 51
11 11
53 53
85 85
39 56
20 96
86 9
3 68
22 22
7 89
17 25
15 46
90 2
57 57
26 46
96 86
24 11
16 16
86 89
66 67
96 93
40 40
18 24
79 28
63 15
30 30
58 58
25 25
66 81
26 26
29 29
81 78
82 67
39 39
55 55
93 70
29 19
64 91
72 69
72 53
55 77
21 43
42 84
11 61
86 86
66 66
5 40
98 69
31 96
97 37
11 11
5 82
71 55
42 49
70 10
68 30
35 3
76 76
26 67
96 94
96 52
52 32
1 11
57 57
34 8
31 31
45 15
5 25
56 50
28 65
66 66
9 9
31 31
64 64
57 61
4 14
28 43
79 81
0 16
36 55
68 33
77 98
26 70
50 50
9 9
74 65
59 86
97 98
9 20
42 100
72 77
82 85
23 23
0 0
78 10
85 49
13 11
70 46
69 38
15 3
47 56
49 49
87 100
84 40
56 81
32 91
25 62
69 69
41 92
62 22
6 6
52 76
28 28
64 49
50 50
12 26
79 35
45 13
84 68
11 29
89 91
68 68
42 2
72 15
99 99
40 20
66 66
15 39
47 53
16 16
89 89
24 24
7 35
70 22
92 83
43 60
39 64
40 16
77 77
27 27
78 93
34 73
20 11
44 8
92 92
7 22
11 64
11 43
13 29
82 82
66 28
12 90
51 29
10 10
17 86
86 34
74 46
75 58
81 81
54 91
88 88
92 13
75 75
81 49
78 78
15 15
23 23
78 99
76 56
52 23
35 35
61 47
71 71
35 53
24 100
36 18
25 25
53 11
88 88
71 71
68 68
47 72
0 100
29 44
34 34
82 7
2 85
23 16
35 73
92 62
5 5
88 88
42 42
83 85
46 51
47 91
29 29
63 69
91 55
63 95
100 7
67 51
35 35
33 33
12 53
40 40
61 55
35 85
23 48
98 47
92 60
89 36
72 80
44 44
25 25
35 68
17 1
87 20
95 95
54 46
90 99
9 43
45 82
64 33
41 6
24 32
15 15
46 54
89 98
9 49
18 28
49 49
95 95
50 68
32 32
5 8
9 9
11 52
78 87
81 81
100 91
40 40
31 36
60 37
36 64
68 73
33 33
18 18
40 97
64 55
38 66
32 11
1 54
24 28
13 51
15 82
64 45
70 70
48 62
33 33
95 56
37 32
84 84
66 25
62 40
8 62
3 3
34 0
82 19
83 4
16 87
41 47
90 87
51 77
63 63
78 18
71 71
86 82
58 18
11 11
29 29
27 27
96 96
34 34
19 19
29 51
57 54
14 74
97 97
95 53
52 91
40 8
18 21
79 66
94 94
10 81
33 42
26 15
37 67
48 48
95 100
53 99
37 2
71 9
78 3
59 11
26 19
8 46
64 88
28 66
95 38
5 5
68 21
48 14
77 71
86 86
24 5
20 40
35 35
89 89
0 50
31 0
57 32
79 87
1 1
88 64
28 0
69 23
84 84
11 73
94 81
15 15
69 67
50 63
52 52
93 39
69 69
74 51
70 50
67 67
53 74
19 19
40 57
83 67
5 28
84 5
46 46
59 59
39 84
31 100
35 35
1 1
92 36
72 88
74 83
37 9
39 49
93 93
40 21
84 62
44 65
3 3
36 59
41 58
22 22
27 42
44 44
74 60
17 84
34 79
78 64
15 62
85 85
94 94
73 92
55 55
23 23
13 66
10 10
5 5
10 16
52 52
16 72
75 25
91 91
10 10
27 27
99 99
90 2
32 32
47 47
4 45
31 49
64 59
65 65
95 58
8 8
41 41
78 78
12 86
8 8
38 61
4 67
47 23
77 62
92 30
46 63
3 3
62 62
98 84
81 16
11 18
11 11
7 19
98 98
93 95
86 53
50 20
64 89
3 3
88 88
37 26
9 57
97 6
21 1
31 48
54 50
12 12
86 63
81 88
84 64
59 88
100 10
17 55
76 59
91 76
81 3
63 42
70 70
5 31
43 92
1 47
92 15
54 54
39 38
98 98
26 26
14 14
33 60
13 13
74 74
80 49
96 2
81 81
59 59
94 81
8 8
59 59
14 14
40 40
60 71
37 69
64 90
64 64
66 45
2 2
54 54
79 79
26 74
6 30
84 32
55 44
85 14
35 46
50 50
27 0
22 75
37 90
33 19
72 56
15 73
61 97
26 73
89 89
74 65
34 11
80 80
24 24
57 96
70 25
8 31
69 5
49 93
16 65
28 51
67 87
80 80
45 69
17 34
49 49
76 76
48 89
27 13
98 46
18 18
22 22
72 75
25 25
67 67
17 32
3 49
54 55
35 35
58 21
36 36
12 12
10 10
63 78
19 97
87 52
71 71
82 0
47 47
97 75
61 7
74 86
90 90
34 50
66 28
67 12
26 4
35 35
97 56
84 84
5 5
76 89
45 45
36 14
36 38
14 39
81 32
10 10
50 50
8 2
87 87
51 90
19 19
29 14
24 88
99 53
73 44
54 54
51 51
31 83
53 68
36 67
0 48
39 14
47 90
10 87
38 38
28 80
73 100
25 25
68 14
58 33
0 0
88 100
56 91
21 21
52 52
37 59
80 82
95 95
68 96
53 20
64 93
6 12
55 55
56 56
89 79
26 34
48 56
24 63
77 72
0 3
26 96
84 71
46 62
39 70
78 91
40 84
23 57
93 93
15 50
48 39
27 27
80 57
35 35
15 35
22 22
54 25
93 93
63 63
86 36
35 35
24 93
54 4
40 98
67 28
35 35
91 29
82 82
96 96
30 37
3 3
13 2
99 99
65 45
9 9
48 86
92 8
98 28
82 82
97 97
58 42
35 90
40 66
66 7
68 49
21 21
7 77
41 65
31 57
8 87
14 11
48 61
87 14
71 57
61 58
26 49
61 80
70 70
53 40
88 42
78 29
33 33
82 72
35 35
39 39
10 10
81 87
89 2
11 15
65 39
97 67
72 34
21 67
37 6
3 3
76 57
29 72
6 25
24 29
79 98
58 58
52 99
26 26
25 25
60 48
91 84
23 23
100 40
33 33
28 45
7 49
93 2
81 17
40 74
41 47
7 47
88 54
28 28
83 83
5 57
55 10
63 50
13 95
37 37
6 23
95 95
3 88
77 98
53 17
61 61
27 57
29 29
62 29
17 17
94 21
95 91
52 28
76 76
85 87
15 15
27 99
33 54
21 78
75 90
39 39
17 10
15 93
93 97
57 57
86 27
100 87
72 23
56 97
30 88
88 48
28 26
3 69
32 6
83 83
29 59
93 93
100 100
76 76
96 96
64 30
84 15
21 10
75 75
2 55
33 27
99 36
56 56
27 78
82 82
24 24
72 72
77 77
29 11
64 64
60 68
81 71
12 12
33 8
33 93
41 41
14 25
13 36
31 87
56 16
74 39
94 73
59 17
6 16
76 17
60 22
18 39
10 2
12 12
37 87
63 91
58 58
71 30
27 86
7 48
51 90
61 61
69 24
15 15
1 26
69 18
52 52
94 22
21 21
19 99
26 98
83 60
40 40
39 81
2 45
21 84
18 49
31 10
59 59
35 55
1 5
97 97
15 69
20 17
12 55
58 71
14 10
54 32
90 53
36 14
31 31
18 95
22 2
5 5
61 98
58 46
6 40
46 48
69 32
72 42
50 3
41 46
43 61
33 21
53 67
22 20
45 39
81 7
36 36
0 98
75 75
38 19
9 70
24 24
62 69
61 80
23 67
27 59
77 18
0 100
69 72
8 30
75 61
62 81
50 43
0 68
9 0
82 31
31 86
67 67
61 92
49 73
20 45
3 69
52 97
77 85
16 16
72 48
7 7
34 41
27 68
92 6
42 13
24 78
68 76
5 27
2 93
19 24
65 65
33 94
33 82
84 50
16 78
13 100
81 18
19 19
19 9
50 49
20 20
95 95
62 62
72 72
19 37
46 46
72 60
63 63
5 5
50 14
34 72
1 73
29 57
57 80
64 88
39 36
40 72
24 24
45 100
3 63
56 56
58 94
62 12
48 48
6 6
17 21
60 56
3 0
59 59
76 78
39 35
6 59
40 66
87 3
50 64
53 73
48 48
21 21
75 0
100 36
22 22
26 99
72 43
16 16
23 65
87 87
21 74
96 100
11 73
12 1
44 38
8 8
67 4
97 78
62 85
83 58
53 53
34 34
89 89
80 23
26 26
51 84
57 32
19 19
33 33
4 26
95 95
18 84
30 57
59 93
26 26
33 58
53 12
74 7
0 56
24 24
36 14
0 0
0 48
59 50
23 55
68 68
69 78
9 81
70 78
24 24
38 17
25 25
8 89
71 58
43 87
26 26
32 32
43 43
3 3
40 40
45 54
48 66
24 29
42 42
39 56
92 26
57 100
8 55
13 13
65 65
51 84
7 7
26 46
70 70
65 62
90 94
3 98
32 49
45 45
77 77
33 12
94 94
98 93
50 67
18 14
86 96
92 56
33 33
9 8
83 85
21 83
91 20
11 90
67 67
28 98
52 64
42 51
9 23
36 36
34 61
65 73
86 19
4 99
46 26
98 41
26 41
85 79
26 26
48 48
13 13
95 95
29 56
65 1
69 97
82 82
41 91
29 11
79 79
49 49
4 88
48 7
67 67
54 49
42 42
46 5
75 21
69 94
80 8
90 90
12 8
49 21
59 54
73 64
9 52
32 94
40 40
30 30
36 79
71 52
66 39
62 17
2 2
26 26
92 40
66 66
50 50
3 41
0 50
41 1
15 15
32 15
58 3
37 37
2 25
64 57
8 2
91 46
51 80
32 77
12 12
64 99
99 51
86 70
9 72
45 45
88 73
43 84
59 59
83 69
76 44
60 60
59 41
36 36
89 89
2 2
78 95
74 59
18 18
99 99
68 68
26 80
49 75
9 9
52 52
22 0
47 68
46 46
21 21
79 84
18 69
18 61
59 59
80 80
21 43
52 80
17 1
85 32
49 30
57 2
82 82
46 31
66 66
4 54
39 39
74 74
61 26
22 94
53 46
40 62
15 94
81 21
36 36
40 79
60 60
98 98
51 53
95 27
66 74
90 37
56 56
17 17
76 76
2 23
33 22
11 67
81 81
37 64
29 29
31 31
68 68
96 96
11 11
21 77
15 44
6 38
57 48
22 27
66 65
100 100
10 74
71 84
30 30
30 72
20 12
61 61
10 22
27 93
71 75
13 21
53 90
4 9
41 99
55 94
67 67
80 78
74 66
55 55
55 56
33 100
29 75
20 69
29 11
78 88
98 61
30 30
81 81
61 14
82 6
29 79
61 20
2 8
93 93
76 48
38 38
52 34
45 45
40 40
18 7
42 85
27 27
14 14
64 24
46 99
36 2
54 54
11 46
84 84
81 63
45 45
87 87
6 53
94 94
98 98
24 3
89 41
60 47
37 56
29 41
25 63
4 4
34 34
55 27
65 21
54 53
64 40
94 52
92 92
26 55
25 25
91 93
56 56
89 22
34 34
28 68
9 87
65 65
11 33
19 16
16 63
41 44
60 20
20 20
97 48
66 66
64 59
10 10
23 27
9 95
0 99
10 44
70 95
86 86
29 87
22 16
25 97
17 23
15 60
87 91
68 30
96 72
77 29
42 74
28 17
4 17
11 11
5 91
53 23
17 86
37 37
65 65
11 31
62 47
38 28
55 42
89 49
76 76
94 14
83 30
81 41
21 1
22 28
98 80
78 39
84 89
78 78
46 55
58 55
16 68
55 32
19 12
85 25
52 85
23 23
62 84
64 50
78 23
49 49
19 98
37 38
14 14
40 40
12 88
21 21
6 76
62 7
33 33
29 64
64 90
59 64
36 19
62 54
90 56
9 9
41 39
5 16
70 94
45 30
68 77
39 39
91 48
1 93
82 77
92 68
17 2
46 48
97 65
51 61
57 83
14 44
17 58
55 55
35 47
13 83
65 77
4 71
17 17
88 88
32 69
36 87
65 65
23 60
78 78
59 56
50 69
8 8
57 17
48 48
29 29
90 58
73 73
14 14
37 77
84 19
42 33
66 32
34 93
98 34
65 10
2 41
26 14
73 82
60 26
31 4
44 35
42 42
38 59
84 84
99 81
87 39
15 15
26 18
90 6
1 13
2 2
95 40
25 25
49 88
11 10
91 22
89 18
15 69
49 9
75 4
31 31
28 78
11 37
88 46
57 57
52 52
62 0
56 56
87 87
44 36
85 62
41 88
83 83
52 52
32 32
91 91
11 87
7 5
0 35
80 79
40 20
15 89
63 21
10 10
50 83
97 23
0 49
9 9
13 100
57 43
0 18
75 13
94 33
2 60
32 32
14 14
41 41
12 25
21 18
60 60
71 43
38 38
8 55
30 21
72 56
58 58
79 79
35 35
38 93
73 92
66 20
94 8
34 82
73 18
80 80
79 7
22 22
44 44
27 65
67 24
36 36
25 25
44 70
56 56
37 28
28 91
18 18
86 86
17 64
95 95
63 63
70 70
6 6
37 6
99 87
61 23
7 47
48 34
94 54
98 95
66 66
87 87
28 43
33 77
45 45
5 5
34 28
14 54
44 43
56 17
8 46
7 52
34 3
48 63
98 25
95 95
42 42
84 66
2 2
14 14
48 43
33 42
96 96
74 11
63 40
61 61
65 66
92 92
44 98
78 26
73 73
24 80
2 10
50 50
66 84
26 26
88 59
44 71
16 20
54 80
1 44
36 36
33 0
52 52
41 14
73 50
52 0
66 60
39 25
29 38
77 77
82 21
58 58
56 65
93 1
63 4
81 85
68 56
34 34
56 81
0 58
18 82
52 52
43 43
6 88
46 7
69 69
59 44
44 39
85 62
54 54
91 10
89 1
75 37
15 80
33 33
28 79
70 13
35 35
35 35
69 40
4 4
20 20
8 8
32 62
94 23
49 49
86 44
36 36
71 93
47 47
6 6
37 15
87 35
24 31
94 94
50 50
8 6
92 92
30 23
26 26
3 6
63 15
3 5
13 60
96 96
85 0
60 60
75 85
91 12
53 56
33 30
85 99
14 30
37 7
57 34
10 13
25 100
61 41
16 16
6 16
82 69
100 100
45 56
44 92
17 96
91 91
63 63
91 44
34 67
20 84
55 57
64 64
2 76
83 14
97 7
22 22
58 58
72 86
18 18
4 93
32 32
71 71
76 76
53 58
80 80
30 94
55 8
54 54
9 8
66 70
46 46
84 55
75 56
85 4
1 82
55 55
3 3
51 52
96 54
83 63
35 35
21 21
1 21
47 19
81 21
18 18
36 36
68 21
16 81
18 18
0 95
84 47
43 3
79 0
46 46
57 50
41 41
20 3
38 37
1 18
56 82
14 69
3 3
66 54
97 72
76 17
74 74
57 57
32 74
31 89
81 80
75 4
50 50
53 27
98 44
61 56
32 97
52 48
63 63
5 5
6 6
27 79
99 69
1 94
44 44
33 36
83 91
73 79
1 1
93 93
43 49
98 87
33 33
99 53
60 60
91 44
55 65
66 66
24 24
86 38
72 72
78 78
0 66
99 24
10 10
68 76
63 63
88 8
35 48
51 57
64 26
34 34
29 28
19 35
91 13
86 59
43 43
41 52
41 80
52 28
99 55
13 75
0 18
52 64
68 88
52 38
47 76
95 2
19 19
37 63
0 0
78 96
6 78
78 78
60 29
18 9
33 33
83 83
45 45
20 79
26 16
6 6
62 34
13 87
99 99
75 75
82 26
50 50
97 46
74 74
91 63
58 51
28 32
87 0
3 3
16 59
91 2
0 47
80 80
38 90
30 30
58 4
96 64
77 77
67 10
39 71
37 54
55 55
94 74
41 97
61 31
24 24
44 57
53 53
44 43
20 80
50 64
87 58
29 25
98 98
89 65
39 39
90 90
35 35
80 39
50 93
8 75
15 6
84 93
5 5
6 82
25 99
88 78
97 77
68 71
63 63
20 93
84 84
9 9
24 24
37 68
6 35
22 18
69 22
32 34
56 56
58 69
2 33
13 57
53 41
10 78
50 81
9 22
8 0
47 47
77 78
20 20
22 63
58 28
2 39
35 39
52 76
30 88
65 34
9 67
88 86
74 74
70 91
82 99
10 84
12 42
18 46
47 66
32 32
12 12
91 2
85 70
39 91
39 39
80 79
66 68
54 96
77 63
75 75
66 79
28 2
10 49
95 44
29 82
47 16
67 91
79 29
48 11
3 15
23 9
29 92
47 47
28 28
25 75
19 68
40 71
86 64
96 27
29 29
18 11
21 21
7 23
64 17
73 73
38 38
51 37
77 75
77 77
62 0
0 99
83 46
48 15
21 55
8 8
92 83
46 44
45 72
26 35
19 34
13 13
22 22
28 31
57 43
9 46
57 13
89 46
21 21
74 53
83 94
82 95
49 72
13 13
0 86
39 6
75 75
79 87
80 36
77 9
17 15
46 52
78 78
48 82
39 22
6 46
14 14
79 93
72 51
89 100
38 49
6 6
43 10
32 32
36 39
53 86
16 12
72 13
58 83
33 33
62 62
1 1
28 24
63 57
40 52
9 47
60 60
40 54
26 76
25 98
99 99
53 50
9 82
69 43
39 58
29 81
14 60
49 49
56 21
14 14
84 69
89 70
14 14
53 65
5 5
75 37
48 85
26 26
52 52
46 73
58 20
68 84
70 70
1 1
20 18
20 18
72 33
82 82
26 77
40 20
11 44
62 21
97 97
27 2
34 17
63 37
2 48
51 35
3 56
3 35
17 17
84 84
63 63
40 34
54 80
32 43
51 59
81 80
37 14
61 61
78 78
35 35
46 46
48 57
3 3
57 70
98 43
50 63
35 35
30 58
46 8
77 32
79 31
1 1
27 29
45 8
46 24
70 69
10 29
3 12
50 26
18 34
2 2
61 61
74 91
61 61
74 74
53 20
9 69
66 66
19 71
45 45
64 2
73 73
22 38
46 54
97 49
2 76
61 94
84 84
47 80
74 75
22 18
83 83
23 98
62 24
36 27
5 57
4 51
16 10
70 16
45 73
79 79
3 23
14 100
36 27
34 34
31 97
11 21
39 18
86 81
30 30
35 3
74 19
34 32
29 29
59 59
1 1
81 68
54 54
55 54
85 42
14 61
5 86
83 83
95 95
24 62
48 55
40 12
23 25
32 55
89 73
86 86
72 16
6 6
51 88
75 22
12 18
76 76
61 6
18 18
11 3
90 25
73 9
58 58
17 25
33 33
70 82
86 86
67 49
7 50
53 73
92 98
59 88
6 18
18 84
84 84
96 69
64 75
30 30
22 28
68 38
61 18
88 73
33 41
96 9
5 19
2 8
85 85
8 38
61 98
80 55
16 17
82 63
97 29
39 39
53 53
56 99
1 43
42 42
11 6
71 99
47 19
85 85
42 42
63 63
96 53
76 76
42 69
83 83
69 54
26 47
31 31
17 89
47 82
31 1
80 72
13 79
35 1
22 22
50 1
11 0
18 18
93 2
72 39
10 5
69 25
85 92
90 90
58 33
49 49
60 80
72 10
71 71
68 84
98 2
53 57
70 70
66 66
99 33
75 56
84 84
20 89
89 59
47 91
13 13
15 76
56 56
5 14
91 16
69 2
8 84
37 67
32 75
30 52
14 14
46 38
74 74
81 8
32 32
84 84
0 13
92 0
58 58
1 1
2 2
98 80
99 99
77 86
80 62
14 14
78 66
25 24
95 95
60 2
86 25
93 31
77 77
99 62
34 6
50 50
1 51
29 29
63 63
32 40
86 17
64 64
55 53
52 52
84 22
78 63
54 7
39 62
24 53
48 48
64 27
93 88
28 28
28 74
36 36
63 50
15 62
83 42
15 92
94 7
89 96
11 11
96 69
41 0
17 68
15 89
100 94
1 37
13 49
30 59
1 1
31 73
74 15
29 29
45 76
65 72
48 15
10 37
91 91
75 46
54 54
67 14
22 22
92 56
14 55
79 79
79 19
73 73
83 72
33 33
18 95
75 75
52 14
95 86
85 93
57 2
59 98
69 69
36 43
28 28
67 78
57 19
61 61
14 78
66 86
13 13
39 87
48 48
76 9
93 93
77 83
4 37
53 51
41 41
43 94
29 7
81 61
88 19
91 82
72 82
18 48
12 81
10 64
64 76
48 81
47 8
30 24
38 11
53 40
1 47
37 91
47 40
91 79
67 67
70 70
49 38
23 77
88 44
9 3
52 24
7 38
28 97
0 68
96 96
43 31
96 75
82 82
23 23
83 18
88 29
92 92
61 61
55 7
38 38
34 29
42 2
100 11
82 86
64 19
81 7
13 68
7 30
16 16
44 44
2 85
1 85
0 25
16 16
89 31
61 27
25 100
95 62
65 82
16 70
26 39
29 27
14 96
72 74
74 64
25 11
56 71
81 25
78 24
84 98
41 35
84 28
99 88
19 87
64 2
37 66
18 21
74 74
36 36
13 6
49 17
43 4
48 31
99 12
17 17
94 94
24 80
38 38
83 12
46 46
61 84
46 60
57 94
22 20
68 68
40 39
44 16
37 24
4 15
21 16
61 41
16 16
13 13
65 65
5 64
86 7
57 34
74 5
51 26
39 29
54 54
30 30
82 27
15 99
58 26
100 84
55 55
33 64
54 79
6 27
45 45
19 77
80 80
76 0
62 62
43 11
39 35
56 26
97 9
37 37
77 77
31 97
21 23
44 44
97 36
63 90
56 10
36 17
46 19
2 64
54 23
31 31
24 24
86 59
77 76
51 60
95 91
13 32
22 30
89 41
21 21
11 89
21 68
51 51
52 52
93 14
61 61
10 61
61 85
21 50
12 48
72 72
70 70
4 4
61 7
22 98
93 19
45 46
82 82
43 34
67 67
42 19
25 59
48 48
53 26
8 78
55 19
58 60
10 26
60 60
86 28
60 60
78 93
34 1
19 19
8 8
25 72
76 76
74 50
83 98
97 97
46 94
76 77
2 57
75 49
7 3
40 40
21 71
38 11
62 99
88 88
47 47
96 69
94 96
71 17
9 68
85 48
85 94
17 17
8 54
94 94
77 15
5 37
3 18
32 72
22 75
82 23
62 5
19 41
29 19
57 63
54 54
2 34
97 7
50 50
68 86
32 32
91 74
90 62
30 69
97 85
3 55
38 38
77 16
88 70
49 32
65 65
95 40
76 41
97 97
41 33
73 72
68 60
48 5
44 61
45 17
88 88
28 28
8 8
72 72
22 0
3 3
32 32
75 35
96 98
84 49
12 12
4 4
4 74
49 81
19 1
46 67
5 96
51 51
72 18
35 22
34 64
42 42
84 84
75 78
33 62
35 84
15 15
67 67
19 23
92 92
80 15
85 6
57 50
11 3
54 54
51 3
52 70
0 0
77 55
32 20
31 31
84 99
6 6
3 39
58 58
70 70
40 57
66 66
85 85
96 81
14 54
49 20
23 33
70 27
94 94
88 94
63 63
65 18
15 13
26 26
39 22
69 35
60 39
21 78
76 84
84 84
48 48
16 90
17 54
16 2
16 16
91 12
50 50
21 20
55 85
54 54
49 49
4 68
47 18
20 69
4 22
48 52
63 86
45 56
60 9
72 30
74 3
57 31
53 27
41 69
15 15
22 52
19 19
11 11
1 1
68 71
43 63
65 39
8 15
3 3
20 40
19 35
49 22
37 73
26 51
6 6
33 61
4 4
76 72
40 85
31 44
23 23
9 69
8 3
6 64
92 84
61 91
66 66
47 15
40 40
75 81
36 24
96 22
42 75
16 98
34 54
81 80
56 99
75 28
64 64
40 40
11 11
35 35
53 53
79 19
33 65
3 3
29 89
93 68
86 7
98 19
37 41
67 65
69 69
46 80
53 95
52 89
98 95
2 81
86 86
45 45
9 42
98 98
78 78
62 62
63 63
43 43
7 7
28 28
14 14
30 20
47 87
7 7
16 16
42 9
8 81
51 10
69 16
5 1
40 24
32 32
87 2
16 88
79 33
42 3
58 58
73 73
49 77
44 44
41 57
83 83
91 42
14 57
59 59
13 66
12 52
35 35
97 97
47 43
28 28
77 25
75 75
41 41
18 49
13 71
95 95
86 56
25 12
22 64
44 44
29 52
37 88
66 13
8 72
76 24
82 82
54 54
73 46
85 23
29 29
20 54
1 99
41 24
67 60
86 86
14 97
90 71
13 2
17 17
68 57
64 64
80 80
90 18
83 83
85 81
51 5
1 1
21 46
20 38
87 73
77 61
54 54
32 17
56 48
29 29
22 68
42 42
92 21
21 96
41 37
26 26
64 84
60 4
30 41
64 64
52 35
69 69
12 29
18 18
2 20
62 64
43 68
12 12
90 62
51 56
16 95
31 96
69 10
62 57
92 89
12 30
75 52
23 78
68 52
57 57
77 97
17 6
13 13
50 97
66 44
4 83
57 86
12 84
8 8
64 98
9 68
1 1
84 64
21 44
85 85
90 90
8 100
32 61
15 15
11 11
17 17
54 54
7 66
90 90
97 74
77 5
31 0
35 22
12 83
16 33
50 50
19 31
60 60
3 33
81 85
52 18
59 94
60 60
27 27
47 26
58 58
87 20
21 21
90 90
3 71
64 9
67 82
17 52
99 67
59 87
90 31
14 63
52 52
17 8
35 30
90 78
42 42
3 86
75 43
26 66
27 7
93 48
33 33
2 76
30 6
16 80
24 8
67 27
54 36
89 70
46 27
82 78
55 55
53 8
1 1
8 26
30 64
17 18
68 47
32 32
46 46
50 50
56 44
68 12
80 28
47 98
66 24
87 87
64 64
20 21
28 28
60 90
55 29
55 76
46 46
53 84
24 1
57 100
64 57
52 20
45 45
6 74
28 28
72 72
17 63
43 67
11 58
54 32
48 55
38 63
2 48
28 28
68 68
51 15
89 89
53 13
80 88
11 11
25 41
11 7
32 4
22 97
16 78
58 95
63 66
34 63
50 52
92 29
54 80
21 0
72 72
34 10
40 72
26 48
0 14
33 33
76 76
5 55
48 17
65 50
85 6
66 3
78 78
21 21
68 44
33 34
73 72
29 52
95 97
99 6
47 47
9 23
34 20
40 40
4 4
28 47
64 64
42 42
94 94
78 78
23 23
74 90
32 70
22 52
38 73
69 68
100 30
4 60
73 73
48 48
48 48
65 98
50 50
3 27
43 22
59 91
55 55
23 3
14 88
20 20
97 29
93 58
81 24
32 3
80 67
84 7
61 46
26 65
56 56
79 100
71 88
24 24
65 91
68 68
1 8
68 68
82 95
60 60
97 97
19 26
48 48
49 49
30 64
69 36
91 85
29 7
56 74
78 6
96 9
11 11
75 29
23 23
80 80
100 100
22 36
87 87
38 5
94 99
29 8
43 12
9 75
95 33
76 32
83 83
71 54
39 39
98 49
6 58
20 95
47 13
66 59
6 6
51 54
69 69
81 20
18 16
53 25
23 4
59 97
61 10
91 30
38 96
62 77
69 78
26 62
97 97
16 42
27 30
94 17
41 29
16 16
89 4
47 47
36 48
55 35
77 44
96 96
18 14
71 71
60 60
64 70
77 18
23 11
55 55
62 100
35 29
7 7
0 0
12 12
89 94
79 79
62 28
0 50
71 4
0 0
36 25
77 77
31 99
47 100
36 91
52 77
74 98
79 48
35 35
81 59
18 65
20 28
94 8
17 99
11 58
24 24
53 96
71 0
1 1
6 49
19 72
15 33
47 47
37 32
54 87
19 78
95 95
27 27
68 68
25 25
65 62
51 41
68 36
36 33
73 76
24 28
13 4
94 21
62 62
25 52
64 0
87 82
20 10
59 54
57 88
66 66
71 77
29 29
98 51
48 2
83 83
88 36
30 84
89 10
59 45
46 47
11 5
57 57
49 41
94 19
99 65
51 51
43 43
96 60
97 58
30 79
65 27
52 69
7 86
80 38
31 31
52 61
26 19
67 99
16 9
20 73
18 43
23 61
35 2
68 99
18 73
74 72
9 38
90 90
12 46
3 3
62 8
14 14
64 47
92 92
86 48
19 94
70 29
58 91
91 100
53 67
26 26
25 74
74 63
14 14
3 38
60 40
1 57
77 77
81 0
86 98
66 92
49 49
5 5
99 34
91 89
32 57
65 65
95 95
52 56
88 33
62 7
92 92
69 82
93 71
72 55
72 27
15 15
80 6
83 57
89 7
20 45
23 23
56 63
42 89
88 88
15 18
87 88
9 2
43 43
93 99
36 83
62 62
1 1
41 37
65 69
96 21
61 14
80 80
42 92
34 34
25 19
32 32
80 34
35 69
7 97
14 14
38 38
12 12
38 38
54 54
10 51
90 90
63 62
72 55
56 13
62 62
69 34
91 58
35 3
16 74
97 59
74 74
42 14
20 20
47 53
71 71
7 56
73 73
83 46
57 68
67 87
56 48
1 40
73 57
49 51
7 0
21 21
70 63
64 5
12 12
25 22
35 35
5 33
50 92
69 14
26 25
13 13
60 86
70 81
81 33
65 19
51 56
46 44
48 37
93 89
96 39
43 43
16 16
25 25
34 49
58 3
26 77
44 44
81 81
41 8
56 15
50 50
21 21
43 27
0 74
27 45
91 91
