100
45 97
28 28
53 61
42 73
11 93
39 54
95 8
0 59
7 53
39 67
99 87
42 38
44 70
3 3
93 15
19 19
36 92
98 60
20 4
69 69
57 57
86 86
35 13
69 1
49 62
16 16
84 84
21 91
33 33
28 87
16 37
27 32
38 32
71 41
64 60
88 56
71 81
21 48
43 82
4 62
59 66
0 0
11 70
53 7
67 47
6 6
50 58
26 11
94 94
82 60
69 83
80 80
67 23
58 6
90 96
100 91
72 72
12 58
46 17
15 15
67 67
92 62
66 44
5 5
38 4
24 62
24 95
37 8
23 66
99 27
20 72
10 28
61 61
39 61
10 82
34 54
76 13
95 40
7 7
32 54
51 51
75 39
7 7
63 44
60 60
67 86
48 19
81 10
1 1
100 66
86 32
49 45
68 68
86 86
22 53
6 47
70 70
11 10
21 21
84 33
